0
0.0116158842364858
0.0116713035893934
0.00964592581518384
0.00921393153899837
-0.0128929228557491
0.00644731440601882
-0.00405203268387255
0.00358581275578955
0
0.0121314538616399
0.0186439866053469
0.0186272515978119
0.0148796043848038
0.013382738133031
0.00842549764233722
0.00550466838984862
-0.00408906161481949
0
0.00939458623320262
0.0198208470443429
0.0226545542330482
0.0240685383634541
0.019707513965295
0.0126794315993886
0.0083874442927283
0.00650235789363095
0
-0.00529730155850567
0.0171934820344534
0.024407284163388
0.0260757804369694
0.0262465668310808
0.0194287024414123
0.0131699835464123
-0.0129349623989087
0
0.00230582033470118
0.00720355652511642
0.0196473519215322
0.02745516395748
0.0261729896762502
0.0233942135193839
0.0149301943982032
0.00933270267138671
0
0.0033833381531217
0.00614587154435306
0.00931319192217279
0.0194396589946716
0.0245071705190134
0.0223210497282592
0.0183593565055373
0.0099493182226635
0
0.00403430672291833
0.00637511383697422
0.00609832491929713
0.00767968871631383
0.0166861020644875
0.0197586726407784
0.0183491111305387
0.0121029472743751
0
0
0.00403727565130885
0.00352209635993706
0.00150482095072753
-0.00292573377888974
0.00906627793404828
0.0122926178994018
0.0116795974769634
0
0
0
0
0
0
0
0
0
3.83256862570876
-9.81162415987886
-5.36552528063647
3.21032202059439
-9.71241827985559
-5.34429982741407
3.27399038720117
-9.01021741807335
-5.66415196710208
3.30842238458236
-9.1079193436345
-5.67095286291485
3.35739994809108
-9.04565644130317
-5.51435419260433
3.40469849010185
-8.87764995428052
-5.04288935405715
3.70293590968364
-8.42751752969897
-3.59275911342677
6.73052777946391
-7.27924841219876
-0.00312978942353192
-6.73046146333668
4.6230354414832
-9.64980331011678
-4.75017594980196
3.94282007539569
-8.70357804713162
-4.90713366446731
3.19864632342016
-8.99536762197624
-4.39840388413938
3.23181772387773
-7.76219490954819
-4.14665015958365
3.40870455166275
-7.40454078712193
-3.5758983081791
3.82309136608552
-6.9406521398945
-2.35680002916789
4.83194949660043
-6.09954369908999
-0.033267520819463
7.28570667059531
-4.82379834075205
3.58465563806823
-3.70294225546366
4.95735047957503
-8.99298975936295
-3.77700463038209
4.63658674421028
-8.50821110624435
-3.74464859063786
4.59911234504591
-7.103996602711
-3.54940115531474
4.01275640743064
-7.84989694010687
-2.38154320773317
4.08180093016356
-6.7057469152091
-1.38548299699491
4.80843266274635
-5.88213355508745
0.129680574924859
6.16605866216039
-4.81331078446937
2.36193619929802
8.43574975491783
-3.84626332391805
5.06609384525992
-3.40473845739893
5.21717241683587
-8.39864472248515
-2.91265743728294
5.01663547485686
-8.10695611305596
-2.60426405795526
5.049829499766
-7.07684818579815
-2.21279168115305
5.37988262290881
-5.63308252108179
-1.69650945289526
5.02644820278919
-6.18414713907132
-0.144337791341126
5.62413797028186
-5.2441382343378
1.60356100431727
6.93534096648337
-4.08576362649649
3.5796580631326
8.85450308725895
-3.46428196918817
5.56986765474472
-3.35742045558475
5.48476741555802
-7.92599040655815
-2.14915940783725
5.51455568454109
-7.61930776783397
-1.62921017071181
5.53520083230237
-7.05783857833812
-0.956285286503568
5.85133971148887
-5.88815204229046
-0.273641153348523
6.47083745868513
-4.52965754203533
0.373243871397735
6.48905583158482
-5.37780640697258
2.37995344817089
7.40058400524062
-4.0638949571242
4.19883802157269
8.99016024511949
-3.29476434986998
5.73357289710474
-3.30837856406573
5.77539535959717
-7.56176886448513
-1.46989243516547
5.98928147819384
-7.22674674869125
-0.786180657574969
6.19224253151843
-6.73154424443673
-0.0178429784536628
6.43543162591377
-6.11753254069842
0.881573867498633
6.95555110258934
-5.03635663255398
1.71371014246998
7.85266431392751
-3.92745141877138
2.42596691536359
7.70813798974434
-4.69137263944914
4.49120190669423
9.04555203088873
-3.25949653493529
5.72459204237323
-3.27395049569262
6.09818976114738
-7.13576945141909
-0.799616479578011
6.44954685353507
-6.89149314012076
-0.00318759520147947
6.76723149414688
-6.43405385045523
0.770689460102239
7.13254061406376
-5.97648439860427
1.61641519478028
7.57629343278815
-5.4924211005275
2.58214819998048
8.22845519455879
-4.80251949308483
3.53052038991724
8.9019215631998
-4.00878803750815
4.27914376180533
8.95015565934346
-4.31929821173842
5.7215251582497
-3.21033653048225
6.33615297184108
0
0
6.89787076004621
-6.33615238047525
0.79961766230966
7.24224134742726
-6.09161071222054
1.46331544112408
7.63211263183377
-5.772090951192
2.14585914070072
8.12908719374729
-5.4841505957408
2.91204552149689
8.72252612496583
-5.21560287592467
3.77543007617218
9.3320502996583
-4.9021041393139
4.69484814230643
9.33485160499329
-4.43053523425487
5.17292454195348
-3.83255822793845
0
7.13577004278491
7.56834905506466
7.92929591986106
8.39926687456698
8.99458016647796
9.70507036492081
10.0042271480272