0
0.0140016556753927
0.0166349628692631
0.014149924940112
0.00940963239555458
0.00557376591141249
-0.00987867572574394
0.000860723814208374
0.00224913458540892
0
0.0143180854047347
0.0226385745902656
0.0232106720470428
0.0198545983187367
0.0147492777972539
0.010314482112361
0.00867213807677307
-0.00169678322362004
0
0.0104465131078386
0.0242805277898724
0.0283176625258807
0.0294935467148004
0.025937204978537
0.0166667682245163
0.0092982539643797
0.000592698950087839
0
0.00175271780918899
0.0200231446731445
0.0288593423441404
0.0316096161198094
0.0313969431829563
0.0255876758765077
0.0143170401193818
0.00569206622215297
0
0.000674970917098484
0.0100498232632143
0.0245438309503885
0.0304548676039642
0.0319907892282821
0.0291626537123162
0.0194712345865226
0.00981178299696704
0
0.00343683259555966
0.00644023668791915
0.0116059773389574
0.024678323468035
0.0298877601261131
0.0291590376868243
0.022846308449426
0.0143608220629838
0
0.00456646628485684
0.00684653831046614
0.00646279350336593
0.00971860209701732
0.0198848372959598
0.0240535027385406
0.0223879807183214
0.017236314295141
0
0
0.00439612964667042
0.00270658356340495
0.000497936633875394
0.00113612398313819
0.0105878980433471
0.0144212981993404
0.0147316757282954
0
0
0
0
0
0
0
0
0
2.70722865697855
-8.95271014572684
-5.47559003168567
1.24925268893577
-8.92203927873492
-5.74028308224367
1.21099410345599
-7.68334417057042
-5.73395366344747
1.8371003428237
-7.47545789708834
-5.76109116577211
2.66876720394445
-7.84969835303217
-5.60908105118899
3.22313042246956
-8.27250458343475
-5.07145242053127
3.64989896002593
-8.18505574109319
-3.61806242880455
6.70166270857046
-7.18425715663003
-0.0138910303922761
-6.70159807962408
4.34211114011862
-9.28678889318066
-4.82704078052668
3.21739576433298
-7.28602998380839
-4.35043830073655
2.21191864521422
-7.40632463183786
-3.76043811543709
1.90180803401999
-6.5535225480539
-3.10651969340005
2.17149429599376
-5.89897977239907
-2.54833211358305
3.18079460938355
-5.47908780169952
-1.83019204995488
4.54686808828597
-5.08872676223208
-0.0946082627498886
7.21262558529821
-4.51738165824162
3.58042857590687
-3.65026606522227
4.89642474926031
-8.98643535373437
-3.77883425032168
4.36752708445645
-7.17345905165577
-3.91710950150075
3.9867046067609
-6.1261368513678
-2.52293045185317
3.42720695043077
-6.23335976288217
-1.80413198878427
3.15821663088949
-5.47023429122707
-0.989359601274986
3.6738060134849
-4.666084285914
0.278911912927369
5.24967601680578
-3.73720353834232
2.16195434117793
8.23360701469887
-3.25681768418724
5.16203285237984
-3.22502399823818
5.21490839481066
-8.39534197547645
-2.91373726784577
4.73173929878414
-7.97739662448999
-2.63506511168857
4.39487428153269
-5.37023080361475
-2.26035582674313
4.52392216848143
-5.11974928533564
-0.966331244073003
4.4075215678704
-5.3246559883721
-0.0303999928229809
4.50597766359574
-4.54947532784086
1.1249301556926
5.17161666818816
-3.25493815482955
2.904302500202
8.20063773219611
-2.38248397473494
5.79795673616896
-2.66973004835515
5.47520730971096
-7.9100115900977
-2.15499626347795
5.41970288715834
-7.55237569685892
-1.64492919237456
4.87046614489177
-6.53338880411649
-1.09902670783837
4.67495988608939
-4.41718212871212
-0.614073152815788
5.19936808285005
-4.41629114949896
0.360254133433645
5.46473552452685
-4.34589368245689
1.5345578885094
5.57047119537014
-3.36395962033298
3.2159204325498
7.68195102366386
-1.97821548984
5.95156679133047
-1.8406610846658
5.74847033041518
-7.53264627918151
-1.48162068360972
5.89926498259917
-7.12776676049237
-0.813294923522514
5.99798833878837
-6.50648159416814
-0.0811174131915329
5.52802996453462
-5.58714385859434
0.660641075478401
5.47943977978949
-3.74454545528587
0.920391012856573
6.34239091532671
-3.97225209002583
1.6869713974627
6.39008090720951
-3.79823389817521
3.40389835009658
7.17117175037201
-2.13332672591301
5.89296147822854
-1.23479791220366
6.08517051205073
-7.13576945141909
-0.799616479578011
6.36358255243482
-6.85086491948154
-0.0171056589242535
6.66580833469568
-6.28368251950201
0.730156260314311
6.9988906432439
-5.83519591614146
1.57934939533106
6.96570931941784
-5.2922320850316
2.49787732466574
7.04870298315616
-3.66890690867079
2.73780852056717
7.71522693256223
-3.54223937393562
3.19659976296922
7.22445540611215
-3.12724864983865
5.90120540908465
-1.25394796782519
6.33615297184108
0
0
6.88495860109617
-6.33615238047525
0.79961766230966
7.21324482449012
-6.04919459677617
1.4458496848655
7.61981085508519
-5.72937591725052
2.13591457188191
8.12650306398142
-5.47175646226943
2.91006355005296
8.59741385311926
-5.21106826912948
3.77326547078588
8.83596202240093
-4.51875465339219
4.43538356818966
8.55373459736129
-3.49774337387401
4.5221771207586
-2.66042695548819
0
7.13577004278491
7.56834905506466
7.92929591986106
8.39926687456698
8.99458016647796
9.70507036492081
10.0042271480272