0
0.0140945063752662
0.0166419044487053
0.0141535966190513
0.00974320835963322
0.00483789280180971
0.00183620688197123
0.00294150479218974
-0.000889397220861421
0
0.0145126632138875
0.0230222834824704
0.0240029339231416
0.0203347856137443
0.0151010595911729
0.00971682781373171
0.00760477237448571
-0.00385082242202849
0
0.0105203948963039
0.0246496737856075
0.0285726300767051
0.0291253323842123
0.026689106023337
0.0170236700841879
0.00914602467661492
0.00213857533855231
0
0.00255378344399646
0.0203256386506058
0.0291718081415564
0.0322794272664494
0.0318130615930341
0.025910921847948
0.0146086292564318
0.00603807667321539
0
0.000922556555501265
0.0102727466529474
0.0246451243815883
0.0316739151795961
0.0327039874820994
0.0300961169949267
0.0197465321680196
0.00987831408155264
0
0.00274900196350761
0.00557684721365989
0.0118682848692755
0.025190105463969
0.0292475592253265
0.0290946836909354
0.0231958492240271
0.0145665856029179
0
0.00503318572824053
0.00727342540590031
0.00642919256214534
0.0094595548242876
0.0205722792602409
0.024883261971349
0.0227425383212104
0.0178095368820331
0
0
0.00361668068770377
0.00303835189168258
0.00235086173838362
-0.000751078169595264
0.0105836523318641
0.0144527544707712
0.015019267854873
0
0
0
0
0
0
0
0
0
2.63123834992725
-8.87978801648647
-5.48074386343763
1.18369719268864
-8.85032582014172
-5.73951673688162
1.1177025348239
-7.59588394381367
-5.68842640719431
1.73283639312975
-7.37526767097753
-5.71891897976552
2.60830138222284
-7.74696965010299
-5.59715920353371
3.21148577726101
-8.20705810446528
-5.07289692903768
3.64624993225024
-8.17228595329571
-3.6183762660029
6.70116985098119
-7.17607713892683
-0.0155163710154081
-6.70110517313599
4.31560182388699
-9.25332860466548
-4.83357889267948
3.17386163478147
-7.19784353365266
-4.28906057007767
2.17659492783243
-7.30662494088636
-3.70322188245181
1.85052301898535
-6.40888192536821
-3.05984512834488
2.09963808309722
-5.76810782774807
-2.48295225753237
3.12420340995154
-5.39152403977149
-1.77584155606273
4.51879024842915
-5.0081971788536
-0.0953692588461135
7.20713802101434
-4.48853007244605
3.58041904508454
-3.64632438863047
4.88988092923741
-8.98608261224822
-3.77892977679959
4.32468155414916
-7.07460709083228
-3.91667700202302
3.93811801615665
-6.03474834979969
-2.45879392718683
3.39458532476757
-6.19636193829392
-1.75228943297189
3.10501254051008
-5.59062799548826
-0.891162391898336
3.59018555500138
-4.58026387629792
0.277585265421586
5.17100349640187
-3.66236209788245
2.143640170951
8.21493591878113
-3.20561878674166
5.16784648975943
-3.20897003204798
5.21474815705255
-8.39524838267696
-2.9137676783537
4.69932647567992
-7.96365783494322
-2.63843652901129
4.32963509425501
-5.28573188314592
-2.23128476726621
4.45430766356845
-5.07853205421794
-0.920368926401065
4.33928547584802
-5.02232800593709
-0.133150892017134
4.43563938778585
-4.35320892924787
1.0379271401165
5.05828878774394
-3.22917117254191
2.85903269871701
8.1373942304972
-2.31097035125936
5.80020427008107
-2.61085840001805
5.47449583191632
-7.90862552231217
-2.15550122001584
5.41086949953391
-7.54706138652859
-1.64616989480436
4.80348531495757
-6.49047108391416
-1.10934340834629
4.61132291308709
-4.34737448589851
-0.610952431206083
5.17195292840899
-4.37274435555545
0.351829232365691
5.39257846733341
-4.52363703460969
1.6056430158323
5.48382783409839
-3.33551492767268
3.15848747807468
7.55990300295249
-1.91419198233279
5.92079019443674
-1.73934151457344
5.74619057951782
-7.53025253633801
-1.48258135436554
5.89163241967122
-7.11962321391138
-0.815461005025162
5.9795724001097
-6.48914961342514
-0.0856478115400831
5.44303501156678
-5.54577821803277
0.644133849758579
5.37039498680445
-3.69567559421351
0.889796727982277
6.21634333956726
-3.89649785641452
1.62172364321487
6.29526800552784
-3.70127328223658
3.32720812656574
7.0231408638196
-2.08005093204026
5.84389553794141
-1.14146093087106
6.08409467018847
-7.13576945141909
-0.799616479578011
6.35650842981181
-6.8475449323516
-0.0182352286344154
6.65720243266841
-6.27181991441568
0.727029090334678
6.98661799764113
-5.82379382864366
1.57648444930192
6.89993520563111
-5.27350490452141
2.48970210230007
6.94737729533358
-3.59865828413368
2.68366775838775
7.62639110595575
-3.52192466122607
3.12865335396456
7.09795236581631
-3.07153674135407
5.88242267379286
-1.18656671671391
6.33615297184108
0
0
6.88387824133474
-6.33615238047525
0.79961766230966
7.21078199406808
-6.04568174145761
1.44440559952666
7.61886060966525
-5.72574353101711
2.13505811273145
8.12628234198378
-5.47090279912113
2.90997955502028
8.58399475643474
-5.21070773392834
3.77309887533923
8.78549281454954
-4.48440986774457
4.41212553885926
8.47398849628956
-3.42993862326906
4.46923780621264
-2.58006156542792
0
7.13577004278491
7.56834905506466
7.92929591986106
8.39926687456698
8.99458016647796
9.70507036492081
10.0042271480272