0
0.0142397148858292
0.017074452371371
0.0145479414191193
0.00988026244245196
0.00578901367742945
0.00480274774788441
-0.00440913027992272
0.00228587110213978
0
0.0146543395027439
0.0231779701904616
0.0238864860903775
0.0203995065062467
0.0154567219538374
0.00841164086365264
0.00828194575409628
0.000885898012449428
0
0.0106233198798258
0.0248522700507266
0.0289691885682274
0.0303070701457142
0.026699778661328
0.0173703671675981
0.00994049969719048
-0.00114271765001312
0
0.00243002021415435
0.0205725080039431
0.0294827991881908
0.0321598313366425
0.0321599194377157
0.0264115546516334
0.0145702958600359
0.00650022616265156
0
0.000949117037943654
0.00980474482872348
0.0252305101580252
0.0309738969843888
0.0326285936033849
0.0299381785161842
0.0200230103901278
0.0101112644367305
0
0.00308135776619093
0.00671863280426539
0.0121576495338269
0.0252979705551363
0.0306512034568014
0.0299202960018415
0.0235421247610752
0.0149206677045528
0
0.00431677623628473
0.00682178942849505
0.00653031180641682
0.0097103635376007
0.0206415818517414
0.0246495115054556
0.0229093878025803
0.0178395450723626
0
0
0.00511778644652526
0.002867616983567
0.00164454284191922
9.19063718594609e-05
0.0105477995672667
0.014796929861493
0.0151389583027264
0
0
0
0
0
0
0
0
0
2.57878819288112
-8.82759762437405
-5.48395842259521
1.14255297851265
-8.79795036127404
-5.73648260237279
1.05695219295337
-7.52584109337934
-5.655354787804
1.66100485344172
-7.29282878993226
-5.68737495489969
2.56574505271614
-7.67151414642391
-5.5870694685433
3.19972850888907
-8.16370802141833
-5.07262536303949
3.64333612975628
-8.15599594493637
-3.61983847627518
6.69978989767674
-7.17056539503218
-0.0162663752885334
-6.69972609155573
4.29636484680752
-9.22907314728088
-4.83825251548877
3.14347447199961
-7.13534564469211
-4.2448174470118
2.15381983106984
-7.24977838528346
-3.65856524807095
1.82131778953943
-6.40072565042277
-2.99647939655974
2.0482125098962
-5.73115804123791
-2.42349516174607
3.08484462039347
-5.31576324022262
-1.73979667618673
4.50005860773531
-4.95471248930472
-0.0946010131197497
7.2033070944563
-4.46919976824785
3.58038107880408
-3.64356369001401
4.88510472358635
-8.9858200245714
-3.77900093992117
4.29272943027887
-7.0047976497787
-3.91512405395371
3.90355477497133
-5.97350209310917
-2.41307928494336
3.35296997787036
-6.09431981310944
-1.74873311587623
3.07802024318853
-5.3306495027938
-0.9632511379557
3.53095678963369
-4.54534493972164
0.280748889793875
5.11376424872333
-3.61273543587193
2.13228119385078
8.20107174419752
-3.16816042858985
5.17164328777136
-3.19713876016665
5.21463312826857
-8.39518811610341
-2.91378725809883
4.67502149317025
-7.95352087908994
-2.64093537337516
4.2879601617974
-5.23116763814372
-2.20796782617731
4.43189819958287
-4.99461913115919
-0.915270185541339
4.31236846553129
-5.24198992627926
-0.0161053650299637
4.37847901569162
-4.46087486036702
1.09055451429797
4.98264686310798
-3.17699557537115
2.8098520098343
8.09120307277385
-2.26426212689687
5.80112953609755
-2.56867981177534
5.47399133652459
-7.90762280018547
-2.15586662920306
5.40440821630177
-7.54329558644279
-1.64704610154639
4.75817046116035
-6.45933129024066
-1.11675132185637
4.55001372110249
-4.30571320154857
-0.605868037035315
5.08085131166749
-4.3204690080931
0.343922812829944
5.32946804805717
-4.2380551135908
1.47799044557307
5.41641573282436
-3.29691010762663
3.11311183811175
7.47288845603317
-1.87065495066213
5.89671172620015
-1.66961340046467
5.74455818580266
-7.52853505286712
-1.48327038813119
5.88618138294139
-7.11380035986408
-0.817005465055648
5.96602450447924
-6.47691344470952
-0.088815563265872
5.38170418358624
-5.51642366946422
0.632566069006459
5.32121232226236
-3.65768296458136
0.86670858287082
6.19274839214377
-3.90975399504751
1.60448900216232
6.24185211748682
-3.73145376929616
3.30869664837404
6.91961636875606
-2.04672555225285
5.80372888565983
-1.08076288527846
6.08332225330149
-7.13576945141909
-0.799616479578011
6.35144252878292
-6.84516888091371
-0.0190421977443285
6.65098861244727
-6.26336245285444
0.724803743182515
6.9778281006067
-5.81557568735249
1.57441425762059
6.85004406256203
-5.26036511844371
2.48399751048779
6.8622214424822
-3.54782137593751
2.64482950696713
7.54782770783233
-3.49174492961357
3.07478326526636
7.00829521367192
-3.02423855923548
5.86422850475113
-1.14330678042916
6.33615297184108
0
0
6.88310572670353
-6.33615238047525
0.79961766230966
7.20901207253214
-6.04317344833887
1.44337473121549
7.6181669661029
-5.72313665142783
2.13444390865069
8.12612643670909
-5.47025131472168
2.90989920026992
8.57469162816933
-5.21045497131629
3.77298263229002
8.75025695436683
-4.46070314189934
4.39595089269266
8.4171156197171
-3.38381840430623
4.43221668703859
-2.52509978413896
0
7.13577004278491
7.56834905506466
7.92929591986106
8.39926687456698
8.99458016647796
9.70507036492081
10.0042271480272