0
0.0144308178286051
0.0170224348172714
0.0145449029978091
0.0100137529044548
0.0063131679546397
-0.00726667753682074
0.00379025987089765
-0.00223078965762923
0
0.0147481366223116
0.0234416973378761
0.0246360225770564
0.0209763300666027
0.0151103665460095
0.0105866936875433
0.00794773645419061
-0.00386690208703966
0
0.0107400352564768
0.0251356565089962
0.0290689269452344
0.0296757366539536
0.0275006479928897
0.0174997154461686
0.0101074110683063
-0.00203800245576695
0
0.00214452171622373
0.0208967822659425
0.0296753899244266
0.0328322055394709
0.0324122881626777
0.0267414956235147
0.0147103458104707
0.00610811701531689
0
0.00101549460542435
0.0100462548030138
0.0252487527795025
0.0323552578497237
0.0332713647433621
0.0308392523163998
0.0202099418151813
0.0103548954062524
0
0.00286843571623422
0.00649564689634734
0.0118534351839643
0.0257678867113508
0.0296784704618295
0.0296245864611884
0.0238014321207155
0.0152185190595805
0
0.00461128093769137
0.00694709751328031
0.00647158525810812
0.00972328833841705
0.0212718162583834
0.0255019582884393
0.0232311475191489
0.0183112268902642
0
0
0.00463315248311572
0.00282874528598262
0.00174670526281424
0.000493210018251846
0.0101778618071152
0.0148947703656417
0.0151505595114901
0
0
0
0
0
0
0
0
0
2.51682969906819
-8.76421987302232
-5.48743638040458
1.09673321560855
-8.73718809812926
-5.72957427897874
0.989685269000792
-7.45507291367114
-5.61021777644769
1.57633218483183
-7.21284700143646
-5.6439672815715
2.51383387170765
-7.58292582845938
-5.57241218969387
3.18572199316301
-8.10914696415251
-5.07216016993598
3.640097439502
-8.13654474524292
-3.62158180000371
6.69804296756112
-7.16442750937736
-0.0171000669945808
-6.69797956352939
4.27272557789971
-9.19932157746229
-4.84392700097922
3.10826223589276
-7.0605401742979
-4.19088797077008
2.12637355599045
-7.1645554667588
-3.61196696349966
1.78250945665043
-6.26135385139299
-2.96685019457823
1.99127683321411
-5.61554866617935
-2.37265034179693
3.03659803685556
-5.24238009354264
-1.69250337810996
4.47701972144121
-4.88917221088824
-0.0935206823380221
7.19882780868519
-4.44547548112912
3.58031514993833
-3.64033369092603
4.87914702041053
-8.9854725732457
-3.77909504261764
4.25425654529779
-6.92194709379084
-3.91181429499222
3.86309353382725
-5.89665508346389
-2.36085279680562
3.33016602873657
-6.0836569210623
-1.69902487927843
3.03261095742278
-5.4977891435719
-0.856095596124876
3.46253771277265
-4.46889958634382
0.276906457389204
5.04428585092011
-3.55111682341631
2.11537634291278
8.18448857955738
-3.12296698465319
5.17621472136626
-3.18304690368986
5.21448077932748
-8.3951091187402
-2.91381292479895
4.6453354579465
-7.941272685038
-2.6439191200631
4.23292995975705
-5.1600897707013
-2.1810269983826
4.36967353788378
-4.97154515754789
-0.87339631294508
4.25427930149472
-4.90392450090987
-0.140163892411014
4.32178513859959
-4.26662867307265
1.00448516129298
4.8904451286225
-3.16116028213708
2.77428890036355
8.0351277382358
-2.20579671842963
5.79930660413182
-2.51789788670462
5.47337543971706
-7.9064159343192
-2.15630605379653
5.39659990991897
-7.53863519453491
-1.64813642278593
4.6994292027163
-6.42282462645021
-1.1251451744885
4.50267579273364
-4.24650089946387
-0.601982962757282
5.07365977750098
-4.29214243224812
0.340315432689423
5.27347677883721
-4.46806929158162
1.57471415331246
5.34774897700196
-3.27682534698939
3.0680014553634
7.36623772808496
-1.82162363173099
5.86224312551732
-1.58724867058377
5.74257550201844
-7.52645277867028
-1.48410541784234
5.87951188715477
-7.10677710546087
-0.81885718895495
5.94954039297544
-6.46205469435058
-0.0926388936250218
5.30862611718705
-5.48123365631157
0.618726894373501
5.22774415491275
-3.61851705012498
0.842513950914559
6.0766041704332
-3.83042809630124
1.54695860109964
6.16107325410494
-3.63147773456856
3.24001806851716
6.79603719047273
-2.00693949685379
5.75510406515768
-1.01235262626282
6.08238523411862
-7.13576945141909
-0.799616479578011
6.3453055322257
-6.84228572335905
-0.0200213412080139
6.64344603314393
-6.2531596334695
0.72212413647615
6.96695834991709
-5.8056772082277
1.57194258758841
6.79092222573417
-5.24389407771935
2.47678917697559
6.77867906839416
-3.49131515459083
2.6000291952293
7.47574486315849
-3.47739364423825
3.01953619685964
6.90354762822476
-2.98217414858062
5.84279400645642
-1.09557120877922
6.33615297184108
0
0
6.88216685965466
-6.33615238047525
0.79961766230966
7.20684703320349
-6.0401276595329
1.44212302727008
7.617333501048
-5.71994514540869
2.13369020874276
8.12591508569191
-5.46945953837468
2.90979682200181
8.56242675210287
-5.2100962098767
3.7728133460362
8.70438719961185
-4.43036397507817
4.37535515232874
8.34585872912967
-3.32678125513652
4.38635852755393
-2.45935807465216
0
7.13577004278491
7.56834905506466
7.92929591986106
8.39926687456698
8.99458016647796
9.70507036492081
10.0042271480272