0
0.0143750809790075
0.0175996238029234
0.0152091104613916
0.00979463801440353
0.00768573657850461
-0.0136140271265336
0.0051234338750429
0.00046381288505777
0
0.0151963697379878
0.0241581003045643
0.0247859486880613
0.0213421984944021
0.0154030245716332
0.0103652182979557
0.0109631219775316
-0.00542065710487206
0
0.0109764127602231
0.0256991286388999
0.0298763439789207
0.0309609654401421
0.0277211067277986
0.0178352124491712
0.00934361701978043
-0.0088272130558195
0
0.000208934678611278
0.0214657085426396
0.0301656354240802
0.0328261858374553
0.0328904806549511
0.0275300015113132
0.0147986869547992
0.00768937922668268
0
9.64396784557504e-05
0.00982724121124017
0.0259640764082981
0.0317741798833055
0.0332846509746818
0.0308200360773722
0.020597102324758
0.0102951921212832
0
0.00246011583128668
0.00682783697827953
0.0119837228281087
0.0262015260958227
0.0309732817454633
0.0302259668682571
0.024218851935805
0.0159034376363714
0
0.00544526695846018
0.00613428687861231
0.007382071728118
0.00983420169760463
0.0212247291275658
0.0252190565749959
0.0232005585736016
0.0182539313353926
0
0
0.00644282314181943
0.00233716935466353
-0.00106759472824461
0.000882109526689786
0.0109529973261809
0.0148308651319293
0.015846802756046
0
0
0
0
0
0
0
0
0
2.43726574303851
-8.67947585041186
-5.49123108278925
1.04345598540933
-8.65431471377403
-5.71646790254592
0.908999264777615
-7.34993800462595
-5.54948896155473
1.46810255975961
-7.09051783551383
-5.58387425835588
2.44423570944232
-7.46504410080083
-5.54933313139992
3.17013668454024
-8.03334712084059
-5.07140046107795
3.63566043273303
-8.11776546449162
-3.62245641269622
6.69653567406938
-7.15479870857262
-0.0189105772994666
-6.69647396133329
4.24065662572004
-9.15899120193186
-4.8514961683246
3.06236415692639
-6.96158001075413
-4.11838455166609
2.09321278027567
-7.0715630559315
-3.54477220782294
1.74057688729233
-6.21278761480101
-2.88423767778411
1.91659451352146
-5.53490963640972
-2.28910999842581
2.97121145126285
-5.13187007043965
-1.63223159718305
4.44473307645966
-4.79987066919216
-0.0920747464176358
7.19239826448552
-4.41266585564232
3.5804349344534
-3.63571442705312
4.87099267203013
-8.98501254529143
-3.77921958655731
4.20117411417054
-6.81263515757563
-3.90527619105029
3.80948746810791
-5.80132773271605
-2.2913625826077
3.27444043400954
-5.95835253186625
-1.68202431707109
2.98797685580716
-5.24720814494381
-0.907856124699897
3.37243666285869
-4.40669375758783
0.278472160479572
4.95166964066441
-3.47518342198931
2.09556384312089
8.16177739865462
-3.0630142422155
5.18211378708481
-3.1638424104029
5.21428445456657
-8.39501394290449
-2.9138438378275
4.60383047635625
-7.92443229049475
-2.64803480883465
4.16700525090451
-5.07319956910002
-2.14154413661506
4.32461567228376
-4.8670494591436
-0.855858211762606
4.20586393453115
-5.06289970555781
-0.0386444658760941
4.2394478739455
-4.32500156242224
1.0365946826486
4.77454284506199
-3.09776307063411
2.70544427151198
7.95836519423702
-2.13340589459818
5.79497358242125
-2.44984689615079
5.47255390085417
-7.90478611859831
-2.15689941900274
5.38593396148073
-7.5324324484027
-1.64958084079419
4.62476469951682
-6.37349762875531
-1.13632053942323
4.4174609382763
-4.17930070348847
-0.592700137728963
4.96668098986075
-4.21997406415729
0.330604836815911
5.18621061849201
-4.20251845320388
1.45575921999894
5.24941385514567
-3.22734158003325
3.002815587143
7.22446954685518
-1.76006566795708
5.8126121414614
-1.48205246186452
5.73991571162796
-7.52366684198973
-1.48522208700688
5.87058494655307
-7.09738391826422
-0.821324142435471
5.92686595937144
-6.44241387336444
-0.0976386512198534
5.21083048490746
-5.43452278272696
0.600594298527405
5.14380079738798
-3.56234470946562
0.808748653086283
6.0146517512577
-3.82126265367936
1.51238851926182
6.07324410302329
-3.63623431402232
3.19854064334434
6.63506439202964
-1.96033040900193
5.68314852937424
-0.930185856731158
6.08113060593954
-7.13576945141909
-0.799616479578011
6.33707980427124
-6.83842499212891
-0.0213321623183887
6.63330559138973
-6.23958106298065
0.71857527693919
6.95237650025
-5.79240456046164
1.56862484544767
6.7074315156849
-5.2221614967028
2.46730647388032
6.65007004459828
-3.41514141620078
2.54004849909208
7.35884748443608
-3.43619776811129
2.93871357727204
6.76549144654914
-2.91610168241741
5.80714345215274
-1.03876146745473
6.33615297184108
0
0
6.88090709239598
-6.33615238047525
0.79961766230966
7.2039459954974
-6.0360468036206
1.44044632050354
7.61620604919869
-5.71567427590033
2.13268232035739
8.12564289767239
-5.46837313013773
2.90964757963442
8.54633008383162
-5.20966208324425
3.7726155657223
8.6440181844703
-4.39095736493563
4.34842612771668
8.25067319537597
-3.2540527007742
4.32619310061216
-2.37552224160838
0
7.13577004278491
7.56834905506466
7.92929591986106
8.39926687456698
8.99458016647796
9.70507036492081
10.0042271480272