0
0.0148405028388278
0.0177172067403866
0.0152466728812279
0.0103702059449839
0.00626198764066323
-0.00832249894554314
0.0015142194612403
-0.000818160144447806
0
0.0151990149825482
0.0241878835161151
0.0256261167646625
0.0219962638550808
0.0156976234996691
0.0109367408737697
0.00749424811584853
0.000186211465235276
0
0.0111562107289567
0.0259833507962882
0.0300112505545921
0.0305935820022442
0.0287737527146103
0.0184126612992186
0.0098268965551141
0.00246082282349527
0
0.00107324008695721
0.0218215032993541
0.0306274641188503
0.0338461742475513
0.033474210725324
0.0280034222160155
0.0153210780653273
0.00565269152809488
0
0.000459651827035491
0.0106021890032261
0.0260729899972199
0.0334952431470667
0.0343324286144182
0.0320944126191434
0.020970789590318
0.0108890487921294
0
0.00325334375728817
0.0062085131820186
0.0125744861261131
0.0267986490436423
0.0305336044040297
0.0306066811022455
0.0247958576552547
0.0162769158197913
0
0.00433597429296053
0.00721810616199105
0.00653184985919822
0.0100318627681783
0.0220402543204339
0.0265939969793002
0.0241021511702304
0.0192877064789912
0
0
0.00415683169740116
0.00359837902805776
8.57494642950345e-06
0.0018806026566694
0.0106506056400553
0.0152886387679879
0.015867906589896
0
0
0
0
0
0
0
0
0
2.34494785767778
-8.57722942487606
-5.49482943858364
0.986706926497206
-8.55711603597244
-5.69518818051388
0.822967090062749
-7.23702516157473
-5.47047098769239
1.34333693289983
-6.96232213295371
-5.50456200359296
2.35966885558594
-7.32711713646088
-5.51690779292368
3.15425503391466
-7.93758975581436
-5.0701666858389
3.63069809309216
-8.10102044128053
-3.62245628465812
6.69535498112714
-7.14040791983138
-0.0227716092045573
-6.69529527292953
4.20138779500794
-9.10967045591681
-4.86061252892304
3.00948479340928
-6.84399095883019
-4.0306001286564
2.05449170645769
-6.94731452785831
-3.47160990793032
1.68956259774357
-6.04356580220694
-2.82819984802251
1.83401322262948
-5.38064505255907
-2.2088784161183
2.89170671648802
-5.01815612759573
-1.55610460635004
4.40198319148098
-4.6883234605361
-0.0914519661344396
7.18633634728351
-4.37254332548327
3.58220740334496
-3.63127758780773
4.86085109095009
-8.98443064708844
-3.77937699830689
4.13716357508214
-6.68383247711907
-3.89463119718562
3.74731159870805
-5.6856691586924
-2.21228041441206
3.23056171962614
-5.90639320105084
-1.62351619690071
2.92392135495986
-5.35498757519445
-0.804899547191963
3.26947373015998
-4.29939356656572
0.271223925563378
4.83771407776513
-3.38840379244384
2.07106853170718
8.14263179313176
-2.98504953045459
5.18571024674017
-3.14741491836942
5.21403958902668
-8.39489845498799
-2.91388134545391
4.55276672466696
-7.90397453359168
-2.65299520943496
4.08500095212995
-4.96558883552933
-2.09434622549196
4.23910645733927
-4.80951684024079
-0.805435491877221
4.12351538475212
-4.72704626387432
-0.147824124726176
4.15180474455948
-4.12280594221276
0.951453867003177
4.63845450719485
-3.0606298774539
2.64313466449358
7.86387056928278
-2.04922629452454
5.78687050301507
-2.36730496504333
5.47156205641371
-7.90282822975467
-2.15761203500215
5.3730010290119
-7.52485704086503
-1.6513527987561
4.53179680274509
-6.31538071206638
-1.1490236348375
4.33985040139037
-4.09217063936824
-0.582843830789638
4.92440741418979
-4.1642851773458
0.324632967821298
5.09659537171639
-4.37452853599467
1.52753595388523
5.14423883005313
-3.18787246609882
2.93403632201947
7.05256049854931
-1.69157888713925
5.74456545696161
-1.36041757484323
5.73671328596669
-7.52030083996026
-1.48657072923565
5.85976652895551
-7.0861237065873
-0.824266369393388
5.89915947926858
-6.41881077622578
-0.103604329095467
5.09490096588897
-5.37885905260739
0.579136084272664
5.01641491497563
-3.50168335488465
0.77221079280421
5.86750079683174
-3.72761659159559
1.44117231360278
5.95521454922879
-3.52429290338784
3.10976140788516
6.44586192721503
-1.90748436436278
5.59457860440184
-0.841131805731577
6.07961369429034
-7.13576945141909
-0.799616479578011
6.32716351613388
-6.83375727254731
-0.0229165191312075
6.62106705187647
-6.22332662155903
0.714348480725795
6.93441629787577
-5.77647771974042
1.56466204723742
6.60699155947268
-5.19532116487232
2.45554883739549
6.5139324672682
-3.32968218483616
2.47068582001293
7.23951240653099
-3.40655890733661
2.85156084659581
6.60500555567164
-2.85173786340057
5.76231751846894
-0.978185439651104
6.33615297184108
0
0
6.87938383526256
-6.33615238047525
0.79961766230966
7.20044013255659
-6.03111981082219
1.43842253179875
7.61487564258103
-5.71051338787906
2.13146255639995
8.12532156777391
-5.46717524855163
2.90952787723241
8.52579134262028
-5.2091002967983
3.7723461115547
8.56750983166501
-4.34192948568885
4.31495828438444
8.13308923394669
-3.16655867357032
4.25290464517663
-2.27748848703585
0
7.13577004278491
7.56834905506466
7.92929591986106
8.39926687456698
8.99458016647796
9.70507036492081
10.0042271480272