0
0.0149478640431774
0.0178219754010373
0.0153948867824991
0.0107488537014633
0.00615789023698619
-0.00481403178456554
0.00104040112164464
0.000703610460357723
0
0.0152501234381609
0.0242591732939912
0.025543127032869
0.022014497969071
0.0158731957050986
0.0106926259086787
0.00853962168017778
-0.00292530377990292
0
0.0112967973498047
0.0260960415787061
0.0302397535829685
0.0314385856149234
0.0287047586086246
0.0186097922327069
0.00987265840584578
0.000383118682908367
0
0.00126556180511191
0.0218838835882068
0.0308686533448839
0.0338580221094791
0.033746204158094
0.0283421251915147
0.0152815326915327
0.0061940693100765
0
0.000796674031500018
0.0105292662188024
0.026580010478302
0.0330102133777955
0.0344046728434343
0.0319017538418979
0.0212428359476907
0.0108706160569028
0
0.0034080151113084
0.00678218658830701
0.0122018262851145
0.0269476740284144
0.0315894134623566
0.0311764416380153
0.024967262443105
0.0163475173237391
0
0.00442902900260094
0.006829801556725
0.00676975038039196
0.0103337418982541
0.022019190143138
0.0263608163712126
0.0241029325119448
0.0194899794126518
0
0
0.00505505229133679
0.00288589010220885
0.000598865253438655
0.00114596571119332
0.0109093272856331
0.0154345929736852
0.0160368905864548
0
0
0
0
0
0
0
0
0
2.31715513358888
-8.54446850900995
-5.49547891955739
0.971999812511436
-8.52527207339519
-5.68639447732068
0.799909765674244
-7.19642485288039
-5.44513691569932
1.30632364705323
-6.91495235253861
-5.47807976988553
2.33281524241887
-7.28289185259621
-5.5046853760903
3.14898584833418
-7.90717931003517
-5.06918394267506
3.62908232805436
-8.0952347568066
-3.62249967875445
6.69507362625873
-7.1364742664019
-0.0236596798471045
-6.69501351732387
4.18853956200553
-9.09353727182374
-4.86352011464517
2.99317352780898
-6.80692549829399
-4.00234322077756
2.04355574421722
-6.91654361642304
-3.44642061650477
1.67750668712888
-6.04771945525473
-2.79232356200889
1.80850548360452
-5.36418142460375
-2.17657368914411
2.86619061659116
-4.97431272749361
-1.53385621409711
4.38889449977002
-4.65426109834324
-0.0903006818277467
7.18368270305291
-4.35946686665261
3.5823514870304
-3.62937587812964
4.85748793685802
-8.98424075814492
-3.77942836292769
4.11606208612754
-6.6434372074005
-3.8900521548561
3.72771719179284
-5.65190827488448
-2.18750811755636
3.20685625596757
-5.84430944056487
-1.62532067125054
2.91064977570384
-5.19023791394401
-0.855135726028329
3.23729763985534
-4.28634307496506
0.273573977353774
4.80193107682979
-3.36120987260934
2.0629797400572
8.13357414796698
-2.96237594403938
5.18786824469344
-3.1398497511398
5.21396138034195
-8.39486302881191
-2.9138928523558
4.53549635560484
-7.8971948547918
-2.65464063874216
4.06212074775864
-4.93468008972522
-2.07773827774423
4.2294762871926
-4.75933397435014
-0.806207930229085
4.11152991201268
-4.88612981108796
-0.0669052622120174
4.12137332905528
-4.19609848290057
0.987320998582509
4.59818292895084
-3.03158145090303
2.61483505181612
7.83310114609558
-2.02384329450634
5.78225833234521
-2.34121234504815
5.47124398262274
-7.90219159518876
-2.1578436168638
5.36874330793154
-7.52243255240091
-1.65191680056559
4.50382115760324
-6.2966020033114
-1.1530156819956
4.30586115293259
-4.06942486652611
-0.577963630704543
4.87099799063537
-4.13271241824274
0.321073647093057
5.06406845846723
-4.1901126607043
1.44729750008621
5.10777844725051
-3.16674041636904
2.91036122315225
6.99816643656303
-1.67206234094963
5.72109660096914
-1.32429445920441
5.73568054113558
-7.51922241609893
-1.48700252473795
5.85628121194274
-7.08250776352006
-0.82520597305668
5.88994902711173
-6.41135718724212
-0.105454542603196
5.05796808685736
-5.36120617943683
0.572453182466965
4.9929756725133
-3.4806116361444
0.759974099271589
5.85977860302342
-3.73860121937483
1.4363974041946
5.92620823437395
-3.54782463897577
3.10326910875097
6.38760645642917
-1.89328668202092
5.56320930531318
-0.817123962222897
6.07912716076559
-7.13576945141909
-0.799616479578011
6.32398436679751
-6.8322604868617
-0.0234243258403909
6.61710672723814
-6.21816001067328
0.713011753598281
6.92860357954271
-5.771351051118
1.5633872517597
6.57277826183469
-5.1868271332547
2.45184543315266
6.46354022457088
-3.30234640230907
2.4486023312397
7.19267160372357
-3.38738377765826
2.82089318118386
6.55495236696169
-2.82713420481199
5.74463403544111
-0.961941722100579
6.33615297184108
0
0
6.878894550566
-6.33615238047525
0.79961766230966
7.19931314263371
-6.02954088677933
1.43777427283919
7.61443632482557
-5.70885230611228
2.13106822266458
8.12521623929698
-5.46675059189386
2.90946880077757
8.51928824284731
-5.20891271869949
3.77225539244794
8.54320320583898
-4.32665907005516
4.30444324325291
8.09534253031346
-3.14017013480916
4.22988669214348
-2.24817561678994
0
7.13577004278491
7.56834905506466
7.92929591986106
8.39926687456698
8.99458016647796
9.70507036492081
10.0042271480272