0
0.0117141725941551
0.0121874979266324
0.0104128210645487
0.00867554641381954
0.00489101125804021
0.00392079795390363
-0.00144446378669043
-0.0018479870172038
0
0.0124381242034338
0.0191273533285854
0.0185840931893576
0.0157959223995663
0.0122475810076483
0.00848883378246272
0.00659471109886608
-0.00242857768894807
0
0.00926481453311753
0.0206208375922412
0.0240162489641881
0.0237695758697505
0.0208664328612615
0.0134256824794917
0.00832072610265516
0.00401563325042648
0
-0.00356222785527088
0.0167478975084834
0.0254555339592991
0.0276458978630265
0.0260822122278564
0.0202961877708169
0.0121508489319845
0.00429237008205205
0
0.000172511849182196
0.00886969932150264
0.0191618167506674
0.0268050561577636
0.0280321487339749
0.0231077685663623
0.0157988429699469
0.00873725877634559
0
0.00491378126995631
0.00580189998301301
0.0105237755305892
0.019127498798151
0.0254322961439346
0.0239589673294853
0.0185883932995071
0.0104979693073783
0
0.00246900691375468
0.00605233239758521
0.00573650737071823
0.00897310273325872
0.0165925885422977
0.020287883303814
0.0189667273077733
0.0120150983480941
0
0
0.00592080556933495
-0.00251855433506197
0.00224756467012447
-0.00257039063350594
0.00883246174389056
0.0124621179558336
0.0120172056422419
0
0
0
0
0
0
0
0
0
3.71415007984646
-9.73387661702798
-5.37835828423843
2.93159289262244
-9.68195271179488
-5.39352282037513
3.02242634301995
-8.87158089750013
-5.72021120195796
3.16355958762382
-8.91459518783019
-5.7266860478641
3.31829816460035
-8.93285093864369
-5.54142369624802
3.39099087089589
-8.86963765149412
-5.03981064485958
3.69743858156167
-8.40478545144234
-3.5971860691783
6.72701356539757
-7.27075618679669
-0.00361912338672443
-6.7269472298206
4.5987696237469
-9.61702564673694
-4.75752394755275
3.86036984087035
-8.52748596476888
-4.87888592388605
3.06443344956812
-8.68574970334575
-4.40751217070419
3.02102982458592
-7.90474321097709
-3.96268316845662
3.26837244593859
-7.21444921575258
-3.47510776926704
3.76033966139298
-6.76259442254917
-2.32342752254578
4.80579555904854
-5.99325614851777
-0.042765164395332
7.27813608913381
-4.79027754320876
3.58138280402342
-3.69741183843224
4.95358685466365
-8.98857253160099
-3.77824801773999
4.64090706002798
-8.37730082967986
-3.77336923937109
4.53570813801857
-7.20261847704438
-3.37344452927588
3.99620076298296
-7.19129106367954
-2.49137679645529
3.93656359851422
-6.64878990992441
-1.32190999325331
4.71174172205561
-5.66699724681839
0.135985586043892
6.07845676221331
-4.70274032316002
2.33608444598761
8.4211997175021
-3.80446341520133
5.0837175614132
-3.3911104445741
5.2162970040507
-8.39760729898241
-2.91299765422036
4.99762846327157
-8.10063751798776
-2.6050985262855
5.04339641439284
-6.76144103162506
-2.29439812032938
5.20485064114849
-6.10412970182607
-1.41370337425056
5.09343085382267
-5.94496289020428
-0.157207774977476
5.50247965271546
-5.26454714598745
1.53211932866948
6.73437309080682
-4.0082306500347
3.5354107800158
8.82712825345351
-3.32312496775457
5.59061905663428
-3.31894080135469
5.48357653947901
-7.92479043297594
-2.14959768691973
5.50731831166121
-7.61101315156368
-1.63127450850405
5.48484294343596
-7.02172252246536
-0.965409144149163
5.73428374522886
-5.57864269941656
-0.394429800880183
6.11214845046101
-5.09991976612258
0.628998668498989
6.52697030783644
-4.82366895274798
2.11143895016106
7.13387309042932
-4.04684450782212
4.09910476189599
8.88453967743058
-3.1104690680751
5.79183410021139
-3.15951969247559
5.77302063711612
-7.55892333019446
-1.47104166826639
5.98075423789348
-7.21804925929219
-0.78856384486605
6.17623172841589
-6.70680325799307
-0.0255091441619377
6.36652603171757
-6.07535283538984
0.864553727534598
6.80829380026493
-4.76858942567841
1.55609220387817
7.65277357969666
-4.27745171954867
2.50663074247217
7.6202968488724
-4.33142619973755
4.2455628250282
8.87001891004054
-3.19638336029559
5.83071011079289
-3.01947828855587
6.09692267258038
-7.13576945141909
-0.799616479578011
6.44145727664214
-6.88746241750053
-0.004581693779755
6.75778617625689
-6.41989579674679
0.766935824281436
7.12160376846049
-5.96192728387859
1.61214783604666
7.5353558767686
-5.47913373890867
2.57744860153283
8.13607516986315
-4.67556179925403
3.44643974113051
8.82207753200614
-3.94622834018777
4.15830019736357
8.78645334922268
-4.17940579575166
5.77009890285086
-2.9328948153744
6.33615297184108
0
0
6.89663520286412
-6.33615238047525
0.79961766230966
7.2396510537408
-6.0875244235671
1.46163131075135
7.63071510291344
-5.76837949020784
2.1450433593474
8.12855136544148
-5.48231143369151
2.91153203301828
8.71444631010113
-5.21384989021024
3.77439145510287
9.29127396087775
-4.8685377709781
4.67161161588274
9.27570581050256
-4.33313150902996
5.1096385645767
-3.71216383033385
0
7.13577004278491
7.56834905506466
7.92929591986106
8.39926687456698
8.99458016647796
9.70507036492081
10.0042271480272