0
0.011804086503406
0.0131989747645178
0.0114155149011116
0.00840999482387134
0.00548036598826464
-0.00484249901105402
0.00483421800445208
-0.00167950894392519
0
0.0129335616256436
0.0206929259275724
0.0200709270803405
0.0166778266386964
0.0130300195871289
0.00927974237914464
-0.00862234692107582
0.00262623628478759
0
0.00955943487321061
0.0218294367540711
0.0243294970150475
0.0260697301787522
0.0212220837653911
0.0143828443065681
0.00930162858804885
-0.00734441287329147
0
0.000243809473401067
0.0176802066874359
0.024392834727963
0.0284557598625188
0.0296007281156009
0.0202755847926278
0.0129765606130557
0.00567293109959432
0
3.54076253311824e-05
0.00912168860254419
0.0213824072758603
0.0279550282195026
0.0274689968884839
0.0264747929205898
0.0164296993094231
0.00876849097913205
0
0.00417863404928182
0.00602509809207044
0.0101368413308516
0.0214395639294818
0.0240484336297508
0.0244635063113235
0.019887183629058
0.0114063889754198
0
0.00430165869884931
0.00634052201113759
0.0061433565388663
0.008767424881927
0.0174005495507694
0.022051075996572
0.0200581152548085
0.0132210320672038
0
0
0.00486952951113881
0.00366538547982447
0.00157232837893579
0.000560883376540578
0.0090446279595548
0.0127915472252794
0.0127167385585244
0
0
0
0
0
0
0
0
0
3.43224978834278
-9.54194177334473
-5.40882457446705
2.29794272481195
-9.56515817529922
-5.5178187832456
2.44279813679174
-8.58501089000424
-5.81705538292791
2.80943890079147
-8.51070634645319
-5.83142731473998
3.15651314368919
-8.69101529009394
-5.5841409271484
3.3471280912879
-8.73753662731682
-5.04984696950271
3.68684271184197
-8.34630699370093
-3.60354653914373
6.72088201021517
-7.25121988021545
-0.00608768368115548
-6.72081741151948
4.54000935975349
-9.54059289281587
-4.77436426237292
3.66859250161352
-8.11012771318034
-4.79882163856529
2.70507221112688
-8.14110771867641
-4.32899237464809
2.61311106327477
-7.39427370751002
-3.7643824499781
2.93394081254226
-6.93548039569391
-3.21185761884479
3.62269824033945
-6.34729493036385
-2.2318606313491
4.73856749715865
-5.76078294152511
-0.0639486811316179
7.26358357432797
-4.71579670289247
3.57932740332732
-3.68686672516637
4.94185833788354
-8.98800882882012
-3.77840865499502
4.63147975438631
-8.06296268274743
-3.83285395299805
4.42422721473814
-6.96359261255568
-3.12150214727501
3.80138634744936
-7.48847544830378
-2.01471374103486
3.70826376692045
-6.02130241496378
-1.28905515802191
4.4327360440363
-5.52038065165919
0.246805441156771
5.88408714149645
-4.41136995936363
2.28324697393156
8.37199901712155
-3.68183895504572
5.11001947985053
-3.34702006628963
5.21592392426708
-8.39665381916812
-2.91330901581592
4.94743705559947
-8.07678041195861
-2.61054489922164
4.90349661782116
-6.25164215058347
-2.37812855663532
4.91894088585701
-5.72373659951542
-1.32189809663459
4.84374345277505
-5.80213556705707
-0.0555340396101243
5.29324281240282
-4.53365914960212
1.16221571040897
6.26735106448413
-3.87578040956841
3.4209439476904
8.68225570598695
-3.04872282645524
5.66986403329988
-3.15657390460443
5.48129005004636
-7.92120239591809
-2.15091152655615
5.48760482159441
-7.59550210431088
-1.6349226616251
5.36677251798513
-6.90281639655068
-0.999811595046465
5.47735598259479
-5.14752823696073
-0.534654302891343
5.82804604005585
-4.82599093789816
0.454722878745499
6.20561283675175
-5.48268624261287
2.26958945378037
6.6322973084261
-3.62232358365831
3.76373887219916
8.61407335618312
-2.75063178835256
5.92105883173174
-2.80096260880921
5.76697144695433
-7.55223688379993
-1.47373939471974
5.96049776229657
-7.19542627040373
-0.794862318399766
6.13485833659677
-6.65349610155035
-0.0410130018413578
6.19875383261538
-5.94869788255604
0.810802293708284
6.42082690978377
-4.35334363040091
1.30180668776205
7.08329089674922
-4.29677504109155
2.27993133864219
7.25055667703046
-4.0398188927297
3.96374521613333
8.45965314296263
-2.87528901895392
6.00535562064814
-2.44014317857475
6.09394220956891
-7.13576945141909
-0.799616479578011
6.42170057575956
-6.87809493204682
-0.00780427216176777
6.73527585032721
-6.38469724640934
0.757394487962123
7.09309332380283
-5.92971253245269
1.60351894164766
7.42482624172603
-5.43731623616297
2.56031321764856
7.92217903281183
-4.38227989726802
3.24834334827919
8.57825454024801
-3.81588310127124
3.87589535476806
8.37882447840156
-3.82262103715983
5.86178070919713
-2.30351389909451
6.33615297184108
0
0
6.89369337135695
-6.33615238047525
0.79961766230966
7.23319041957215
-6.07780605972627
1.45762604171742
7.62780234356278
-5.75881946717188
2.14281426037395
8.12800385654062
-5.47915991521759
2.91091736267184
8.68982754635029
-5.21299154705379
3.77401285628378
9.19081917542427
-4.78376032719387
4.61425558157313
9.12723101582296
-4.10502276981906
4.9593423326987
-3.42593260567743
0
7.13577004278491
7.56834905506466
7.92929591986106
8.39926687456698
8.99458016647796
9.70507036492081
10.0042271480272