0
0.012402574513419
0.013939069511007
0.011982443082905
0.00849145818964698
0.00563616883310373
-0.00227877454905721
-0.00393661860164521
0.0093889751528114
0
0.0130384958548552
0.0203528416971086
0.0200704659863143
0.0168905219200182
0.0131030516265364
0.00959708582421536
0.00770671794935172
-0.00659982889806201
0
0.00956842864608453
0.0218310849613862
0.025450648821375
0.0257239642741465
0.0226082942775907
0.0140354938331777
0.00873237627069631
7.68532487392692e-05
0
-0.000313454146559348
0.0176073744680121
0.0260189947917598
0.028713338718936
0.0279199684913855
0.0220065133633578
0.0127652832104995
0.00500181369196518
0
0.00138876015644856
0.00894677725904437
0.0212888542410471
0.0277960128976934
0.0288661852552631
0.0253736007040967
0.0168926012343845
0.00903370819437554
0
0.00338817650245216
0.00594762649695094
0.0109299867530636
0.0211208468747945
0.0264982416080605
0.0257454600091644
0.0198996687750501
0.0120622055488257
0
0.00226142203724508
0.00714397132126893
0.00482167298574325
0.00943008427048341
0.0172849793336856
0.0213418081749561
0.0200357944018362
0.013898357415936
0
0
0.00397633752909396
0.00381874821863986
0.000616720411290633
-0.000212270112325105
0.00998683614219209
0.0130739623155783
0.0128719095126355
0
0
0
0
0
0
0
0
0
3.36782566992958
-9.49328062524815
-5.41555545439181
2.17602547505021
-9.49889067398571
-5.55349038543173
2.31486222870739
-8.48302962950791
-5.83288826952694
2.7237761000226
-8.41602932748031
-5.84167964777011
3.11449900409985
-8.62690580570951
-5.59124841470217
3.33973902621201
-8.6959853209275
-5.05347702294371
3.68135556029238
-8.34000889728951
-3.60342245982966
6.71808139512102
-7.24196301080047
-0.00683317193330101
-6.71801497015493
4.5246930254853
-9.5208428049741
-4.7785937864971
3.62279691187157
-8.02940490092115
-4.76658726400774
2.65484707450508
-8.18005339270875
-4.24185064901559
2.52314731263109
-7.38721015683255
-3.68570102633715
2.86819727037559
-6.78436713154045
-3.16512963112883
3.58361777758178
-6.29746845242684
-2.19514825752769
4.73076446210928
-5.69200611997027
-0.0712196251786178
7.25564626145547
-4.71000823099869
3.58103860171429
-3.68126783163099
4.93867779215959
-8.98796040347251
-3.77842182029767
4.61211428557818
-7.98253546940925
-3.84535491687768
4.38401506381009
-6.91962364838199
-3.05690930956798
3.80405267737405
-6.9271389927225
-2.17934809437246
3.61088096762863
-6.20523924283282
-1.17818689511368
4.38108272623539
-5.25433438806912
0.193773294415305
5.82820644297065
-4.38396834096268
2.28474928751986
8.36421974803662
-3.64152761699553
5.113155048774
-3.33979210623454
5.21582140911122
-8.39638978241732
-2.91339610042184
4.93148761095012
-8.06986739197987
-2.61218249352903
4.88567470569152
-6.14731074361914
-2.38246060036118
4.92637716238088
-5.79225204794931
-1.2461265369309
4.87228390029195
-5.78766254431034
-0.0583609669768098
5.15526773520724
-5.02964916588521
1.37200264896053
6.18002159712578
-3.70032292031303
3.33810107588935
8.64165565631241
-2.99882765908657
5.68795067321959
-3.11407727711294
5.48072742582118
-7.92030399647016
-2.15123992257832
5.48228693995604
-7.59163616618377
-1.63583081907284
5.32613876738324
-6.87321305069438
-1.00796810858437
5.37964001791149
-5.05192934702128
-0.558074019384738
5.76616221544512
-4.88324286412907
0.496654575779914
6.17969122716671
-4.78247726679521
1.89446456920536
6.49189662864034
-3.70893751680254
3.7587401446132
8.54346518659651
-2.65786677088388
5.93975430394535
-2.71599512891073
5.76543994380055
-7.55057707265249
-1.47440815176346
5.95537888288979
-7.18977187038642
-0.796418664465023
6.1242533863076
-6.64046202154691
-0.0447239857087964
6.14303934724754
-5.91870520321004
0.798187085421937
6.36328499760222
-4.27611181904535
1.25528168527949
7.11491860886291
-4.30871847604616
2.23437935947272
7.18021082700361
-4.14885275563419
3.9539272841129
8.34943187960519
-2.78476312358639
6.00769039672503
-2.31400835760695
6.09320077561446
-7.13576945141909
-0.799616479578011
6.41681695134631
-6.87577637740165
-0.00859954069492275
6.72950591167599
-6.37609847495836
0.755069257473989
7.08559230374917
-5.92162320735416
1.60138993192215
7.39084937380653
-5.42592976445913
2.55550023260422
7.84026369440267
-4.31462383408615
3.20175452553341
8.48499073602117
-3.77264757974492
3.80478059909417
8.27708574087598
-3.74192464375304
5.87613787789381
-2.18302824137
6.33615297184108
0
0
6.89296430678281
-6.33615238047525
0.79961766230966
7.23153783028137
-6.07540780892744
1.45663838346764
7.62710145832363
-5.7563730615961
2.14224051087765
8.12788617619652
-5.47847760836838
2.91082028571234
8.68325147522991
-5.21288347842079
3.77398542497025
9.16544352250831
-4.76327804893508
4.60039961719705
9.08467047072496
-4.05309319744674
4.9233162993943
-3.35720317202573
0
7.13577004278491
7.56834905506466
7.92929591986106
8.39926687456698
8.99458016647796
9.70507036492081
10.0042271480272