0
0.0148641283629389
0.0180133821855216
0.0155083364766424
0.0105718954982771
0.0060590735533075
-0.00532674446298244
0.000485786770206547
0.000930008485722858
0
0.0153015779176123
0.0242435387193604
0.0254829143715487
0.0220380965499137
0.015893963248591
0.010727006062968
0.00812876171899198
-0.00226130430454087
0
0.0111667273929976
0.0261022382695524
0.0302677631063707
0.0314527015853233
0.0287269634413831
0.0186224260180628
0.00974453775052739
0.00208341101640458
0
0.00158897362231589
0.0218997453035811
0.0308632027085806
0.0338546392921416
0.0337452832483784
0.0283145840514785
0.0153427449127432
0.00599826152233382
0
0.000681680353889584
0.0105143964049668
0.0265519661835484
0.0329982453958422
0.0343723276386979
0.0319102332859183
0.0212154516558452
0.0109475726750833
0
0.00319955073224757
0.00666104292234721
0.0124268978193557
0.0269242604520242
0.0315696029102538
0.0311719116807219
0.0249643220287769
0.0163722835147122
0
0.00463510904319116
0.00697146917424273
0.00661406730457146
0.0102107200672022
0.0220499171433106
0.0263607724908293
0.0241294922552275
0.0195138173716949
0
0
0.00433997542937618
0.00352371408282193
0.000921193343276291
0.0011512202885228
0.0108652349259266
0.01547857297033
0.0159641346661701
0
0
0
0
0
0
0
0
0
2.3170146840358
-8.5443008636205
-5.49548167688274
0.971927156338328
-8.52511203745259
-5.68634646177966
0.799797144366282
-7.19623598589207
-5.44500228704406
1.30613734219835
-6.91473682127212
-5.47793915246566
2.33267756148227
-7.28266826603475
-5.50462029727823
3.14895793224243
-7.9070239619608
-5.06917788916692
3.62907532786158
-8.09519764903548
-3.62250200141857
6.69507264186551
-7.13645735958547
-0.0236633858882497
-6.69501253176481
4.18847338260896
-9.09345402865438
-4.86353504550159
2.99309173457173
-6.80673676380011
-4.00219847898187
2.04349902845643
-6.91636455235474
-3.44630155371926
1.67743927623194
-6.04756713851144
-2.79220276818964
1.80838120570471
-5.36400610528692
-2.17643582639097
2.86606057069218
-4.97411340967375
-1.5337375861135
4.38882652690483
-4.65408875030138
-0.090294011555782
7.18367183858775
-4.35939806797567
3.58235155033079
-3.62936813445525
4.85747061993336
-8.98423993015796
-3.77942858658745
4.11595474372517
-6.64323299493068
-3.89002729399019
3.72761930272643
-5.65173100653874
-2.18738558943831
3.2067660323183
-5.84413650473841
-1.62527081449362
2.91056316438256
-5.19001558696183
-0.855136180675803
3.23713791931874
-4.28621725968108
0.27357073867356
4.80174694832249
-3.36107021765691
2.06293477577451
8.13352990717748
-2.96225866623621
5.18787856169182
-3.13981289741932
5.21396100807487
-8.39486282295033
-2.91389291921104
4.53540817671739
-7.89716044642544
-2.65464895215826
4.06199733376058
-4.93451465072116
-2.07765560708901
4.22937135453403
-4.75918340263993
-0.806162243047679
4.11142337686535
-4.88610085730127
-0.0668572140781722
4.12123217530882
-4.19603709368971
0.987307430745785
4.59797638594987
-3.03149500591062
2.61472288822164
7.83294328275982
-2.0237119664885
5.78223159406841
-2.34107896633171
5.47124227141746
-7.90218824601379
-2.15784483536163
5.36872137984018
-7.52241969028577
-1.65191979811037
4.50367344491637
-6.29650757780206
-1.15303526228885
4.30572171962924
-4.06929679439942
-0.577941998012305
4.8708513094429
-4.13259574481899
0.321062168530995
5.06391833924613
-4.18990627929071
1.44720543804602
5.10760832377981
-3.16665813240438
2.91025062898012
6.99788709592574
-1.67196564394463
5.7209706917954
-1.3241122728699
5.73567527305394
-7.5192170289343
-1.48700468024904
5.85626326039598
-7.08248950094601
-0.825210680429244
5.8899017625834
-6.41131877738051
-0.105464085061216
5.05778134193834
-5.36111608326362
0.572419090766134
4.99281144168361
-3.48051262408839
0.759916169136473
5.85962534029457
-3.7385322977354
1.43632470890966
5.92603771258365
-3.54776289743635
3.10317248230716
6.38731091547069
-1.89321429148013
5.56305137871796
-0.817005442889879
6.07912472911476
-7.13576945141909
-0.799616479578011
6.32396786336814
-6.8322526709263
-0.0234270313292238
6.61708684781638
-6.21813343706226
0.713004951023022
6.92857341338289
-5.77132548015706
1.56338095372311
6.57260526669102
-5.18678278377712
2.45182604920296
6.46330958570567
-3.30221266428099
2.44849192276973
7.1924633191732
-3.3873170996533
2.82074981714915
6.55470064814428
-2.82702767967492
5.74454550296467
-0.961861936094938
6.33615297184108
0
0
6.87889183607528
-6.33615238047525
0.79961766230966
7.1993073108318
-6.02953213959345
1.4377706840137
7.61443438467142
-5.70884408316424
2.13106641353157
8.1252157750863
-5.4667489282804
2.9094686827587
8.5192535650483
-5.20891186085637
3.77225496921044
8.54307474585181
-4.32657892954119
4.30438821024751
8.09514653198942
-3.14003369218262
4.22976762562858
-2.24802652303215
0
7.13577004278491
7.56834905506466
7.92929591986106
8.39926687456698
8.99458016647796
9.70507036492081
10.0042271480272