0
0.0131690224638063
0.0149418544177678
0.0123652715493713
0.00869691187751032
0.00605350454179901
-0.006947654808854
0.00676928590263184
-0.00510484631100838
0
0.0135102301101593
0.0214384735442889
0.0219829613409827
0.0185314812022357
0.0137857211129262
0.00978962428560818
-0.00876245665078547
0.00373079183898268
0
0.0101176919355507
0.0228558652367042
0.0260283533653089
0.0267599122379966
0.0232893416019612
0.0154860822189182
0.00950117451843807
-0.00746283520496043
0
-0.000260906893311522
0.0189745061488837
0.0268665081101729
0.0306953337491525
0.0303133263952146
0.0223737728723749
0.013536714793683
0.00657925161301852
0
0.00139429652668976
0.00959015148621412
0.0225823281655529
0.0299548160750442
0.0306107588865718
0.0281395337654206
0.0179593783395169
0.00912072805568341
0
0.00306211566829692
0.00649063080665067
0.0109795760934134
0.0231119798077221
0.0261129866866982
0.0260056541009026
0.0210576290243629
0.0128036453784185
0
0.00435190859073472
0.00680904528954872
0.00629672776515809
0.00935882514645629
0.0190506636281278
0.0235594639582448
0.0213269838305891
0.0153997566662971
0
0
0.00482004957946528
0.00341958193278934
0.00134088784626283
0.000504721821013665
0.00936488037742452
0.0133083322889511
0.0136482449616826
0
0
0
0
0
0
0
0
0
3.06967544267469
-9.26807722340425
-5.4457648584246
1.65291807492136
-9.24843312758061
-5.68454952593836
1.74680870729582
-8.12076849456446
-5.86379275994091
2.33075174827137
-7.99701044007039
-5.87162725855035
2.92793440531524
-8.31747123422743
-5.62114503351068
3.28951861801118
-8.52923369993556
-5.06346884059784
3.6696254791847
-8.2717154603171
-3.61069504964572
6.71087064096192
-7.22107242473607
-0.00919300474707519
-6.71080330021215
4.45205891970228
-9.42687007835514
-4.79868212080089
3.4330841989884
-7.68647655842084
-4.60875866892063
2.39865682546368
-7.86442373699359
-4.0252408511077
2.18017238150237
-6.94024986298746
-3.43644741007333
2.53401168252327
-6.31545692639775
-2.91512284669356
3.41989746543244
-5.90319222715893
-2.05815350000712
4.65169320949441
-5.43923827165905
-0.0849990317867132
7.23909534593659
-4.62376326401501
3.57901120184175
-3.66929192974746
4.92248630991006
-8.98752763895104
-3.77853888757207
4.53675633586284
-7.63153896314418
-3.89281795902571
4.21332361085257
-6.49198661618776
-2.84988434628956
3.63187712501868
-6.77813135707649
-1.91256796772426
3.41048389474084
-5.97439144650316
-1.0244459071244
4.05478778896662
-5.21230529073875
0.339977032421906
5.59593373735789
-4.04862629648743
2.21869216400654
8.30692031960979
-3.49093777138491
5.13868202686011
-3.28912039395587
5.21548802591379
-8.39590345285155
-2.91355447157766
4.8604786687045
-8.03385464323756
-2.62107984207814
4.68827376707851
-5.7671207550553
-2.36626164024322
4.77874317614467
-5.43918438624912
-1.13666621543664
4.62920495958409
-5.18658833785865
-0.237953541108251
4.88404334729824
-4.22097953475248
0.965011916867722
5.69849382353903
-3.55199390328351
3.18403266011946
8.46672479731674
-2.70636904965143
5.75371462945675
-2.92839186496169
5.47836683881975
-7.91601506691322
-2.15280660234652
5.45705985937435
-7.57521696690145
-1.63962399906664
5.14892108342416
-6.72692153631828
-1.049308901339
5.06293251233967
-4.73862843737614
-0.611560829368418
5.6418255440149
-4.656977398648
0.4014457918668
5.87306153711769
-5.1042086458351
1.90550248094719
6.03646808835494
-3.65210602773309
3.5609896973485
8.19894177590389
-2.32033881490672
6.00848121384218
-2.32256611613718
5.75833495489081
-7.54305872902955
-1.47743617418155
5.93201337002521
-7.16347022493627
-0.803670130886242
6.07422154133534
-6.58317073224144
-0.0605815930637788
5.9009407704213
-5.77261448602793
0.736158656451307
5.92239141008406
-4.01277282580338
1.08793895874385
6.72701215186735
-3.96531338143453
1.86453396152756
6.77849307108311
-3.83504241722793
3.61568391276426
7.8472137038921
-2.40764002670436
6.03424502260322
-1.75850282231895
6.08984062983521
-7.13576945141909
-0.799616479578011
6.39438935821527
-6.86530723701008
-0.0121839428621387
6.70306545812079
-6.33635940805507
0.744220499936129
7.05022742184905
-5.88538538854465
1.59212803341714
7.23682428006305
-5.37044040833258
2.53164874921768
7.5551259149603
-4.02184131696954
2.99588294736005
8.19052026479693
-3.69899490602519
3.53989836041228
7.82097487169446
-3.46640898362776
5.94341656231128
-1.66442200526679
6.33615297184108
0
0
6.88962451891651
-6.33615238047525
0.79961766230966
7.22388779309853
-6.06442624592152
1.45211529363002
7.62403501793733
-5.74505076084867
2.1395864513358
8.12733964671226
-5.47564072493295
2.91049595497625
8.64911236902135
-5.2122230207031
3.77374245921788
9.03386101866862
-4.66037438791614
4.53133163625932
8.87694448732281
-3.80257839489132
4.7508739183635
-3.03933732577019
0
7.13577004278491
7.56834905506466
7.92929591986106
8.39926687456698
8.99458016647796
9.70507036492081
10.0042271480272