0
0.0132797914118343
0.015466072169697
0.012927692963228
0.00896940299145975
0.0054744142307272
0.0031825521651485
-0.00324618935099355
-0.000198196372893172
0
0.0136872219339058
0.0214814708524218
0.021719079126703
0.018410204662166
0.0140095396037266
0.00890489653293679
0.00767099179772383
-0.00114139779187029
0
0.0100085188063275
0.0230516178660247
0.0269195991278165
0.0278680178570026
0.0241613974498319
0.0154813903069484
0.00891255168288803
0.000431572199169365
0
0.00141878701527394
0.0188607192462678
0.0276047827756423
0.0303439775897225
0.029572145068447
0.023707483773903
0.0135852200144538
0.00618242417371574
0
0.00112317894350444
0.00950703371590363
0.0230573271196605
0.0290388289872299
0.0304715886764333
0.0271829380557219
0.0182815920156768
0.00921471246703299
0
0.003055596863796
0.00638341589431835
0.0108705173285795
0.0231112923768033
0.028466999930096
0.0275593609702677
0.0215035764036402
0.0129030984037968
0
0.00476354442334835
0.00677710806148048
0.00630593959654909
0.00938045625535008
0.0187383514987973
0.0227129959256621
0.0212172074702003
0.0155739062886914
0
0
0.00439095898969857
0.00312189529494427
0.000924520187829195
0.000602381641793087
0.00997649961200779
0.0137362483111198
0.0139427040223532
0
0
0
0
0
0
0
0
0
3.0178035795231
-9.22546007939542
-5.45038043182438
1.58688590759365
-9.2022954998621
-5.69748386597672
1.66232801361559
-8.05305557537844
-5.85336179220716
2.26047434118401
-7.9118334004101
-5.86458321211362
2.89237966901334
-8.25041412764207
-5.6231289010997
3.28315605658776
-8.49220371309108
-5.06586856626785
3.66458461857294
-8.2666123574798
-3.61039139197056
6.70836741571484
-7.21263154927806
-0.00984907025057363
-6.70830433795724
4.43757749877597
-9.40821097370555
-4.80253856540934
3.40048013662503
-7.63061270606163
-4.57439046857573
2.37309946909532
-7.80533163353199
-3.98680431959873
2.13697818805709
-6.94957808715834
-3.37020910858081
2.48384178601315
-6.29945006352618
-2.84938880764713
3.38543048444124
-5.862354963056
-2.02323543038306
4.6445530282358
-5.38217870945169
-0.0895778615060902
7.23224303901105
-4.61871420595245
3.58067059147151
-3.6644623123116
4.91922528220172
-8.98740678575703
-3.77857172918522
4.51483819494614
-7.56548677902478
-3.89885859624852
4.18262786146671
-6.46586342005254
-2.79317693800366
3.59892247744973
-6.52016715592668
-1.97219134765666
3.35745031549178
-5.7472209400833
-1.08422928173107
4.01167972745076
-4.97196909351835
0.266893280370969
5.54608719111512
-4.03266331988296
2.22185398768188
8.30002019087781
-3.45455583228514
5.14039332903407
-3.28280619060838
5.21541174733006
-8.39574672252584
-2.91360571562735
4.84355437391475
-8.02673388000632
-2.62283596028314
4.65195151486481
-5.70641672697031
-2.35488162810071
4.75724094082202
-5.41125175168059
-1.10568898583842
4.63955773088019
-5.55528453175944
-0.0545395139250537
4.80760920435235
-4.81135500176695
1.2381819128137
5.63149284978593
-3.46136575595751
3.12736578651114
8.43022064222829
-2.66580727633147
5.76289238509814
-2.89228248430388
5.47791346940741
-7.91520403127509
-2.15310250073913
5.4520635721989
-7.57206380333516
-1.64035088573881
5.11217891569583
-6.70030565821934
-1.05634931553573
4.9867819949331
-4.6889284234348
-0.615270482820913
5.49189760165494
-4.63452306509291
0.408405672106428
5.79300995907297
-4.50915045043606
1.63962469003324
5.95507983236943
-3.52763675009923
3.47238362954733
8.13012638092943
-2.267524967742
6.00996549715141
-2.2538024063237
5.75698942351318
-7.54163904219766
-1.47800707324293
5.92757626121368
-7.15856521347385
-0.805002804590116
6.06414717310736
-6.57251201959303
-0.0634922124106962
5.84889281955828
-5.74746772670006
0.725883760128379
5.8849887498734
-3.96360264289026
1.05819687930253
6.74044674615666
-4.07333352125522
1.88478627415414
6.74602594932488
-3.96815704634947
3.64077035766254
7.7542956306426
-2.37610292318986
6.02334124472696
-1.67734153533451
6.08920461945091
-7.13576945141909
-0.799616479578011
6.39018904680954
-6.86333694104983
-0.0128562823950076
6.69800646107104
-6.32912109833879
0.742282574445755
7.04347919340605
-5.87842827449695
1.59031462830582
7.19976796129372
-5.36046062299291
2.52743083325067
7.46588807099301
-3.96710050853456
2.95771525356088
8.09870128547352
-3.65479572094342
3.48205700741923
7.73306828285395
-3.39702346265733
5.93768172274399
-1.59650055764745
6.33615297184108
0
0
6.88898892789212
-6.33615238047525
0.79961766230966
7.22244981889982
-6.0623467313224
1.45125961859248
7.62343780864768
-5.74294781960574
2.13910071489061
8.12724563520232
-5.47506446767085
2.91041665238336
8.64319241141194
-5.2121385177073
3.77372186534422
9.01063118641924
-4.64298009885076
4.51943668934356
8.83665353128684
-3.7623329934533
4.72093310429679
-2.98660683995395
0
7.13577004278491
7.56834905506466
7.92929591986106
8.39926687456698
8.99458016647796
9.70507036492081
10.0042271480272