0
0.0134585418005806
0.0155480353168808
0.0129854445322702
0.00919111015824882
0.00562736258557843
0.0032416915353869
-0.00107341417330824
0.00087384772346015
0
0.0138693457677864
0.0220167512629017
0.0227193348875035
0.0190678331675722
0.0140730543244847
0.00911129209608438
0.00746353268251378
-0.000449849579322223
0
0.0102237571395318
0.0234703427241643
0.0271255451574425
0.0272539596083167
0.0250619581443992
0.0156989262321045
0.00923873070789313
-0.00111402470154443
0
0.000668356209363844
0.0193299289372373
0.0277015318320879
0.0307396082697777
0.0303975029621768
0.0240239666219047
0.0138022791308539
0.00626811588109789
0
0.00146273663838016
0.00987349801695708
0.0231529430693864
0.0304681096698282
0.0312442523068248
0.0286454629998249
0.0185247736623766
0.00940439910117657
0
0.00326660151402191
0.00599471162710617
0.0113572722564793
0.0237703979452475
0.0273801562362134
0.0274051793852562
0.0218755123581367
0.0134273764509718
0
0.00435190797400369
0.00659211844375779
0.00640236161882622
0.00935015514073724
0.019386715633372
0.0238281617240613
0.0217947773241673
0.0161956475227234
0
0
0.0043585484884385
0.00319079473396857
0.001473898861571
0.000559842875309
0.00991684183509709
0.0138074444867256
0.0141266576908867
0
0
0
0
0
0
0
0
0
2.9139191061839
-9.13848718037736
-5.45942932087555
1.46073075947041
-9.11509792008662
-5.7181298279745
1.50024304845214
-7.94190592976445
-5.82200380071084
2.11997217838827
-7.77602758737457
-5.83963912941553
2.82094181655063
-8.1225740522795
-5.62337710655565
3.2638648559284
-8.42325109604616
-5.06837077237427
3.6600891639084
-8.24031364743464
-3.61298802123492
6.70595123357897
-7.20414126634854
-0.0109920754850126
-6.70588678692673
4.40770135658789
-9.3699660706393
-4.81039481148667
3.33899284646661
-7.51888611665405
-4.50395706101323
2.31509085917886
-7.63420060500402
-3.92775387895461
2.04779743833296
-6.73419218742792
-3.30978893937818
2.37905571304532
-6.12999259511985
-2.7581301781642
3.3202972396523
-5.74289646218754
-1.96131100894856
4.61393230316599
-5.28751857520573
-0.0919605658165321
7.22574786851978
-4.58617653766307
3.58023560426425
-3.6597693281545
4.91221530023066
-8.98714648934532
-3.77864207048022
4.47190074700766
-7.43677906064288
-3.90817396284034
4.12072579356534
-6.36051820421022
-2.70083978692571
3.5521865107829
-6.53020042046566
-1.87036642640228
3.2843788375382
-5.9408433038767
-0.930852244546967
3.90022130414501
-4.86083843533771
0.273241593906493
5.45262763660911
-3.93041639660538
2.20070846536729
8.27797504043031
-3.3929111868296
5.14829013328165
-3.26358607362364
5.21525944051481
-8.39561109935125
-2.91364978888017
4.80993617922261
-8.01156627909732
-2.62659133258601
4.56033368213155
-5.59017655664442
-2.32939868083639
4.64302053969819
-5.34686167684634
-1.04010130712396
4.52740907619843
-5.17993901812847
-0.168317018534835
4.72263212806358
-4.43907805897291
1.07332199265709
5.47424360242642
-3.42315486259264
3.06870487800377
8.35893861444626
-2.56807764508503
5.77692707962968
-2.82141903521356
5.47704184302802
-7.91355441020427
-2.15370418024206
5.44191851751783
-7.56575755037299
-1.64181696421959
5.03442800923987
-6.64657825172272
-1.07044082773223
4.89421273858459
-4.59436014838912
-0.618611580483221
5.4382920905033
-4.56241180812773
0.384057231601533
5.69455621489428
-4.82904170307096
1.77151711706618
5.83354158709491
-3.48891508174919
3.39180228776739
7.98835831378467
-2.16834264293605
5.99977189906253
-2.11616440113665
5.75426399414109
-7.53876927327577
-1.47916094005743
5.91853805654725
-7.14866410832558
-0.807683716437213
6.04359387549866
-6.55117063921322
-0.0692418403536358
5.74800408093856
-5.69524009663833
0.704368040157684
5.72371598336875
-3.89117959769473
1.01182411314875
6.53457938914284
-4.02641525416118
1.81331781518996
6.61594727237347
-3.82200614879921
3.53136616963094
7.56307764371881
-2.28957412749221
5.99544358157345
-1.5187887462507
6.08791852105739
-7.13576945141909
-0.799616479578011
6.38168004897154
-6.85935505544015
-0.0142143112132179
6.68776846113569
-6.31444065278294
0.73833733570016
7.0293693587853
-5.86460351459082
1.58679884413606
7.12853120904092
-5.33874317698702
2.51805771359923
7.34067422402985
-3.86695511043991
2.88495843119313
7.98642357289221
-3.62988480787457
3.39305787565747
7.56667175876533
-3.31066708300612
5.93461011877126
-1.46993604754578
6.33615297184108
0
0
6.88770397355469
-6.33615238047525
0.79961766230966
7.21950572604889
-6.05814472666077
1.44953047244377
7.6222826388064
-5.73860855585702
2.13808477610543
8.12703127989242
-5.47401757369262
2.91030885887037
8.62890430875802
-5.2118500636759
3.77360503773605
8.95551650841804
-4.6030389486031
4.49248469970782
8.74808365593399
-3.67423350897883
4.65645090265319
-2.87737486372315
0
7.13577004278491
7.56834905506466
7.92929591986106
8.39926687456698
8.99458016647796
9.70507036492081
10.0042271480272