0
0.0135968435862007
0.0159594205136246
0.0135590672389812
0.00909764487074839
0.00533975312439007
0.00256095690606912
0.00141872321649901
0.00191227359851124
0
0.0139642205330745
0.0220440088355082
0.0224607012211965
0.0190828579474776
0.01450528220075
0.00893035253789158
0.00778797096996293
-0.00462527958820614
0
0.0102552301351301
0.0236019786655
0.0275461871923154
0.0286033931730314
0.0249305563159277
0.0164656333795916
0.00895096323399151
0.0024189046124581
0
0.000801458205014382
0.0194535959744721
0.0281053063123243
0.0309040335516643
0.0305553059070075
0.0245546121304001
0.0138962146221408
0.00534775066230001
0
0.000643863437654247
0.0096995918899921
0.0237661214642014
0.0298110671056062
0.0312379696944948
0.0282023615694927
0.0188988784675972
0.00947035802326759
0
0.00315464380354169
0.00694441288472721
0.0112624922282649
0.023806917937301
0.0290173949742175
0.0282654982601539
0.022213379281077
0.013468391317677
0
0.00552407354557588
0.00643689358057427
0.006052495221988
0.00969075984103152
0.0193115502216429
0.023386538308162
0.0217842575642311
0.0161403032906608
0
0
0.00309387838308438
0.00353206119489133
0.0015950708506452
0.00123475480799521
0.00986429763172284
0.0141203160247847
0.0142907337552349
0
0
0
0
0
0
0
0
0
2.86589515854389
-9.09638029772298
-5.463366002858
1.40842648895696
-9.06920737470825
-5.7258845863964
1.4293951787741
-7.87551386869361
-5.80597550600964
2.05429582587797
-7.69843013716724
-5.82556557268384
2.7865580972007
-8.05924711550919
-5.62174248257183
3.25449158479062
-8.39004504547426
-5.06917225697744
3.65786614688742
-8.22749773452444
-3.61420571819836
6.70492083857696
-7.19979209055023
-0.0116285839985913
-6.70485557166346
4.39302676657515
-9.35131310198668
-4.81416258077353
3.31012037358142
-7.46501578296379
-4.46949375708671
2.29077258550234
-7.59397483251638
-3.88443503101983
2.01482735920926
-6.74776816447289
-3.24356615110669
2.32906369623945
-6.10707788156944
-2.70146242110958
3.28877384156314
-5.67688042497077
-1.93270392905168
4.59895663339179
-5.24224549560192
-0.0927851749604871
7.22259445751305
-4.57047384123791
3.58010724615748
-3.65749560292359
4.9087384358052
-8.98700117616541
-3.77868137068259
4.44841155585821
-7.37571911172098
-3.91124867106279
4.08802350532545
-6.31011064976078
-2.65789345581537
3.5156517774156
-6.40193292182201
-1.87838546154582
3.25825510539137
-5.63186830215244
-1.02758265599134
3.8481628867755
-4.8152372706793
0.272341619273204
5.4064888270272
-3.88936644872808
2.19412979252185
8.2675669019515
-3.36193681347932
5.15153042158435
-3.25455223273561
5.21518593780332
-8.39552767015869
-2.9136769387456
4.79247240969942
-8.00391589655759
-2.62849977683633
4.52474055359204
-5.5403014693552
-2.3140311726088
4.63336144387146
-5.27440029501
-1.03232741091167
4.52163987812071
-5.43658541077866
-0.0407168092083968
4.66328880639443
-4.6639107855185
1.17437006496612
5.4059646726168
-3.35699804525547
3.01870722608897
8.32313018877942
-2.52679914620217
5.78328545873481
-2.78680611729363
5.47661782098398
-7.91274508364586
-2.15399950585231
5.43689246638001
-7.562748302258
-1.64251216207141
4.99851389779554
-6.62041225826085
-1.07718815278348
4.83226299062701
-4.55472889194021
-0.617930409684143
5.34132029417392
-4.52896817699655
0.38285082635576
5.63274476803543
-4.45651749557586
1.6006657688364
5.76543370049225
-3.44436379990614
3.34442546876664
7.91975984969054
-2.12204167935819
5.99264352377726
-2.05224187728907
5.75295556614224
-7.53737683097784
-1.47972050834387
5.91420097384331
-7.14392784653709
-0.808959755682657
6.03334658620475
-6.5409849684438
-0.0719759194497732
5.69720742053722
-5.67057086043468
0.694361335891387
5.68137190144406
-3.85325672755618
0.988568047832081
6.53030985257507
-4.05160374557993
1.79853693163131
6.57218121195937
-3.88127308598468
3.52492633614444
7.47301601456615
-2.25345186634344
5.97391149656633
-1.44992842621526
6.08729393720284
-7.13576945141909
-0.799616479578011
6.37755133723171
-6.85741464970661
-0.0148769316131749
6.68279599750203
-6.30740880170477
0.736468074397868
7.02257725261894
-5.85789483539241
1.5850864417471
7.09154787212766
-5.32846487392717
2.51362553620727
7.26594030527553
-3.81940020218126
2.85036168920767
7.91354258053145
-3.60027987500273
3.34356729407278
7.48642449501563
-3.26035368216888
5.92743305413387
-1.41625571295238
6.33615297184108
0
0
6.8870795093811
-6.33615238047525
0.79961766230966
7.21809238445895
-6.05610646430995
1.44869201517768
7.62170633286685
-5.73652875221901
2.13759830701407
8.12691270980981
-5.47346237060182
2.91023283099001
8.62220969576775
-5.21169222227909
3.77354169286837
8.92996017415495
-4.58466850297067
4.48000179628151
8.70537544657012
-3.63457598799072
4.62642283666391
-2.82739687618731
0
7.13577004278491
7.56834905506466
7.92929591986106
8.39926687456698
8.99458016647796
9.70507036492081
10.0042271480272