0
0.0142378634399061
0.0195364633116684
0.0193413332281201
0.0164254417788307
0.0132640073715452
0.0102689320633188
0.00824062904642365
0.00721385875277104
0
0.0117024345873183
0.0192620030074957
0.0208413593810147
0.0185663894723095
0.0153831851155767
0.0122484528264727
0.00965881643477192
0.00824063319201314
0
0.0102918338201953
0.0182894101767923
0.021697851459568
0.020929973546659
0.0182495048934126
0.0150142166829354
0.0122484556836535
0.0102689370044639
0
0.00872537521370725
0.0161988654028485
0.0208591055824327
0.0222134508309441
0.0210053232707309
0.0182495037433466
0.015383189407896
0.0132640132589153
0
0.00734233153558977
0.0135970946121058
0.0183097704663159
0.0212760542866358
0.0222134489515721
0.0209299701829089
0.0185663870393889
0.0164254452251367
0
0.00616949127479049
0.0114267807403442
0.0151454140940965
0.0183097722668123
0.0208591059921579
0.0216978493046554
0.0208413557294539
0.019341328627329
0
0.00399298636452419
0.00841694446075987
0.0114267814891307
0.0135970987374114
0.0161988718128423
0.0182894130176026
0.0192619998541768
0.019536461206357
0
0
0.00399298636452419
0.00616949127479049
0.00734233480759123
0.0087253793067177
0.0102918396145642
0.0117024378953924
0.0142378625008106
0
0
0
0
0
0
0
0
0
4.1334910355573
-10.0042225039079
-5.32944631250012
4.05637049378104
-9.46293732590413
-5.34223191782269
3.85245931672294
-9.39860238332991
-5.47705299233357
3.66228015936932
-9.32951227900588
-5.55175728201881
3.51536211656067
-9.21403741165383
-5.47292531492761
3.44655910589198
-8.98828740380888
-5.03519272362654
3.71393580684053
-8.4817518065373
-3.58687814299068
6.73601345165631
-7.30081393616521
6.63488122193967e-05
-6.73594710284459
4.67477617735194
-9.7051040462693
-4.73800859951286
4.12070537031135
-9.41278475633017
-4.83229104668919
3.92154934742565
-8.95299637374671
-4.64001786560129
3.77775495410123
-8.56156716175974
-4.31686930734257
3.74111205873985
-8.09462421170153
-3.67524131230675
3.95309465030559
-7.41635333028129
-2.39450271885411
4.89487364513645
-6.34759734483286
-6.81634334393379e-06
7.30088027932979
-4.89488046147977
3.58693759985914
-3.71394269313846
4.96709543329524
-8.99457712086309
-3.77657140863984
4.58049367350883
-8.74366682856015
-3.69941415905834
4.31297846096316
-8.27990780113727
-3.3588002531018
4.24469780922596
-7.67177867353935
-2.72018568558857
4.41938286494786
-6.96488345770567
-1.66878293285039
5.02185059428603
-6.08816577508987
-5.5962933054321e-07
6.34759053237345
-5.02185115391544
2.39450798612539
8.48181807457235
-3.95308257057519
5.03521890860623
-3.44659918894773
5.21800570333918
-8.39926266665798
-2.91245596044618
5.04425264560901
-8.13046165524243
-2.5993278591387
4.92110751608465
-7.64358048663825
-2.05318901879843
4.95159295923794
-6.97429651278971
-1.21973520733549
5.29610051045641
-6.1713281501498
-9.96366714478558e-06
6.08816522193878
-5.29611047412312
1.66878054708876
7.41635916622701
-4.41938469755858
3.67524543115235
8.98830150177649
-3.74111377584013
5.47292750317986
-3.51537402627615
5.48680670095601
-7.92929342468257
-2.14795203207104
5.53113378320085
-7.63475872717477
-1.62539437496975
5.59039145223006
-7.15652814952629
-0.928126037707929
5.75456129564006
-6.51851748206024
-2.5960966332228e-07
6.17131819212896
-5.75456155524975
1.21973420670731
6.96489104721361
-4.95158400184533
2.72020862590635
8.09463016929643
-4.24468245841547
4.31687553491807
9.21404130588299
-3.77775468412068
5.55175717453478
-3.66228416108254
5.78134138961838
-7.56834769035786
-1.46723371528773
6.00936434628591
-7.24857510038467
-0.780126283712828
6.2284021067426
-6.78949062689148
4.89536596245954e-07
6.51851722462523
-6.22840161720603
0.928125988938094
6.97429577905661
-5.59039124356494
2.05318460220244
7.67179266377879
-4.9211111989476
3.35880448057765
8.56155804032081
-4.31298822372593
4.64000033705258
9.32951188711775
-3.92155775453566
5.47704775199401
-3.85246416517441
6.10111397286724
-7.13576945141909
-0.799616479578011
6.46844881399654
-6.90073044860744
7.98810104979397e-07
6.78949111589299
-6.46844801518645
0.780128273785329
7.15652761201596
-6.00936284521496
1.62539808622315
7.64357586341453
-5.53112953443719
2.59933778701156
8.27991571298445
-5.04423809451258
3.6994495295034
8.95298860525273
-4.58046621491139
4.83229786669575
9.39860553432449
-4.12069078181037
5.34223647348199
-4.05636908911632
6.33615297184108
0
0
6.90073124577004
-6.33615238047525
0.79961766230966
7.24857628912413
-6.10111358729821
1.46723546776646
7.63476093534828
-5.78134082587913
2.14795509398193
8.13046733182182
-5.48680584721865
2.91246102734833
8.74368764359416
-5.21800631301646
3.7765738534615
9.41276410993816
-4.96711380350761
4.7379565614132
9.4629272787653
-4.67480756905927
5.32941957896794
-4.13350772195106
0
7.13577004278491
7.56834905506466
7.92929591986106
8.39926687456698
8.99458016647796
9.70507036492081
10.0042271480272