0
0.0138192723765346
0.0160587237344288
0.0136711041905488
0.0093077777735442
0.00517178060168735
0.00376215364546389
-6.25498593408851e-05
-0.00043890964615515
0
0.0142084780731826
0.0225863300905511
0.0235291383707338
0.0198391085253087
0.0146062738207694
0.00911207737501508
0.00739263236171181
0.000189978614964086
0
0.0105077371383507
0.0240971531163183
0.02793729093542
0.0280496599528198
0.0260749474214136
0.0165553666887181
0.00982448023205081
-0.00605402828533475
0
0.00122661525561812
0.0199080419388628
0.0285824167786763
0.0317097818508408
0.0311481728338715
0.0249564683243647
0.0142596405851586
0.00613972036563579
0
0.000536417712982469
0.0100908197677176
0.0238606582992576
0.0313673480868018
0.0321050640347905
0.0296085489750603
0.019205909585067
0.00965084705878397
0
0.00255000580533417
0.00614920203469965
0.011669645879267
0.0245890754895955
0.0281785223728559
0.0282484269529939
0.022578471750422
0.0140474051778568
0
0.00494916058156893
0.00710509263814136
0.00643387581711187
0.0093273577075936
0.0200770895677174
0.0245832537379895
0.0223594190395802
0.0172331642332893
0
0
0.00412505643369674
0.00339244936490069
0.0011224337153715
0.00126609822739354
0.0101311333749308
0.0141596102506763
0.0146456895105952
0
0
0
0
0
0
0
0
0
2.7516804959369
-8.99444831784653
-5.4724192020561
1.28935868138051
-8.96513103587015
-5.73868402048037
1.26853901732206
-7.74413047674518
-5.7562575964077
1.89804031667553
-7.54854656930139
-5.78144917199228
2.70291855972832
-7.91142347263507
-5.61429417229796
3.2318300711769
-8.30686511370737
-5.07107660549737
3.65239135469098
-8.19639961740863
-3.61718226235225
6.70190611663315
-7.1898432209486
-0.0128287254209704
-6.7018410905398
4.35713046366074
-9.30578560772678
-4.82329984692067
3.2433804220485
-7.33705243900238
-4.38545406063383
2.23226348005358
-7.45201392487127
-3.79821763504095
1.92766024418056
-6.53641486313998
-3.16879105114382
2.21662274061151
-5.91476654786515
-2.60241815203321
3.21205094213061
-5.54303754585197
-1.85878064116427
4.56295821947537
-5.13368044290896
-0.0939022217679634
7.21521976432065
-4.5324215117164
3.5796469177118
-3.65217369819065
4.90008974958003
-8.98660551571864
-3.77878826895971
4.39216657159294
-7.2312715978634
-3.91653818807428
4.01572604248569
-6.17732890052127
-2.56137515899963
3.46610217623057
-6.33402115129184
-1.80201411619284
3.17920119593744
-5.78875417754294
-0.887400605324302
3.72326234740092
-4.69792055489269
0.278001371451126
5.29645480472701
-3.77518202962955
2.16843438215228
8.24088748532856
-3.28986159999028
5.16033074364748
-3.23147267974375
5.21498808883498
-8.39539121006282
-2.91372127136883
4.7502940808714
-7.98535616324506
-2.63308420810216
4.42897124198919
-5.41459658830512
-2.27817362525069
4.53336248247625
-5.20472108753716
-0.964813980754969
4.41812316058184
-5.01604278506044
-0.181621058595077
4.55849282755777
-4.35394044240303
1.03429862655002
5.23435998572369
-3.31326056189503
2.951765484868
8.23753691171275
-2.41965167311716
5.79377016992506
-2.70424364341573
5.47561481050978
-7.91081214737602
-2.15470420062489
5.42479758673567
-7.55535898478676
-1.64423611534569
4.90589165854579
-6.55890165305646
-1.09270350926428
4.73218324594582
-4.45099942651972
-0.617403933552982
5.29570490826785
-4.46104807144898
0.366079306663036
5.52135602634123
-4.7125447049532
1.69850973171077
5.63168483299628
-3.40386280602297
3.25804214580697
7.75097897107778
-2.01807609238808
5.96566557120177
-1.89980962220181
5.74976849064066
-7.53402352831029
-1.48106765180914
5.90358601181153
-7.13243852357437
-0.812045646848399
6.00854071671355
-6.51637291791183
-0.0785155830576093
5.57792945789724
-5.61102103920947
0.670162301400069
5.51451921310407
-3.77866107320941
0.941138443160797
6.34294566274566
-3.94002343993195
1.69449825975649
6.42994669837624
-3.74111713870644
3.40848836158979
7.25683179977347
-2.16317285562452
5.92140842318189
-1.29135848110989
6.08578914660753
-7.13576945141909
-0.799616479578011
6.3676406861332
-6.85276748336091
-0.0164593554303754
6.67077123204058
-6.29052679428013
0.731968331199616
7.00576835873658
-5.84182582858135
1.58103358287106
7.00464135731784
-5.30254061316065
2.50233755374505
7.12261782228588
-3.71286750248882
2.77047330754138
7.7853271633706
-3.57200938075283
3.24356814527599
7.29982755358032
-3.17184313849281
5.91309441298829
-1.29576305739997
6.33615297184108
0
0
6.88557545139212
-6.33615238047525
0.79961766230966
7.21465196863536
-6.05120165934538
1.44667477312226
7.62037260366615
-5.73144695877919
2.13640084885657
8.12662114795416
-5.472271556406
2.91012014115063
8.60437963037471
-5.21123280847919
3.77333392727815
8.86252304733572
-4.53714809631776
4.44792660711614
8.59769329059847
-3.53536419747458
4.5516690742366
-2.70667455755758
0
7.13577004278491
7.56834905506466
7.92929591986106
8.39926687456698
8.99458016647796
9.70507036492081
10.0042271480272